noa.txt,1715000796,60.386101,5.339282,5,24.2,4.16,103306
noa.txt,1715001687,60.385075,5.339033,4,25.7,4.16,36486
noa.txt,1715002573,60.384693,5.339131,6,11.4,4.16,31948
noa.txt,1715003041,60.384815,5.339038,8,11.2,4.13,104054
noa.txt,1715003422,60.384514,5.339250,6,11.3,4.15,22891
noa.txt,1715003807,60.384384,5.339490,7,11.4,4.14,15879
noa.txt,1715004187,60.384415,5.339422,5,11.6,4.16,21837
noa.txt,1715004571,60.384357,5.339580,6,11.4,4.15,15239
noa.txt,1715004949,60.384544,5.339365,6,11.4,4.14,15297
noa.txt,1715005329,60.384472,5.339436,5,11.3,4.16,20439
noa.txt,1715005713,60.384415,5.339438,5,11.7,4.16,15012
noa.txt,1715006092,60.384384,5.339404,5,11.6,4.15,15945
noa.txt,1715006473,60.384441,5.339602,5,11.6,4.14,17126
noa.txt,1715006854,60.384472,5.339303,5,11.4,4.13,17590
noa.txt,1715007243,60.384392,5.339637,4,11.4,4.14,26028
noa.txt,1715007626,60.384449,5.339293,5,11.2,4.13,17780
noa.txt,1715008019,60.384392,5.339552,4,11.0,4.14,29244
noa.txt,1715008401,60.384415,5.339561,5,10.9,4.13,18451
noa.txt,1715008794,60.384472,5.339379,4,10.9,4.14,29233
noa.txt,1715009175,60.384407,5.339821,4,10.9,4.14,16965
noa.txt,1715009566,60.384449,5.339407,4,10.9,4.14,27225
noa.txt,1715009948,60.384415,5.339445,4,10.8,4.15,18496
noa.txt,1715010339,60.384457,5.339426,4,10.8,4.15,27122
noa.txt,1715010723,60.384529,5.339516,5,10.8,4.13,20435
noa.txt,1715011119,60.384609,5.339640,4,11.2,4.12,31868
noa.txt,1715011543,60.384480,5.339540,5,11.5,4.13,59784
noa.txt,1715011926,60.384457,5.339623,6,11.5,4.12,20175
noa.txt,1715012308,60.384563,5.339591,4,11.4,4.13,17793
noa.txt,1715012689,60.384392,5.339552,4,11.2,4.13,16995
noa.txt,1715013089,60.384449,5.339479,4,11.2,4.14,36325
noa.txt,1715013469,60.384544,5.339492,4,11.2,4.12,16648
noa.txt,1715013849,60.384441,5.339558,4,11.2,4.14,16024
noa.txt,1715014233,60.384457,5.339463,5,11.1,4.14,19802
noa.txt,1715014623,60.384586,5.339702,5,11.2,4.14,26016
noa.txt,1715015014,60.384529,5.339591,4,11.2,4.11,26981
noa.txt,1715015395,60.384472,5.339486,4,11.2,4.11,16944
noa.txt,1715015791,60.384472,5.339499,5,11.1,4.14,32262
noa.txt,1715016173,60.384205,5.339239,5,11.1,4.15,18248
noa.txt,1715016551,60.384212,5.339143,5,11.1,4.13,14995
noa.txt,1715016931,60.384312,5.339321,5,11.1,4.11,15011
noa.txt,1715017317,60.384449,5.339566,4,11.1,4.13,22079
noa.txt,1715017696,60.384357,5.339377,6,11.1,4.11,15208
noa.txt,1715018076,60.384514,5.339694,6,11.1,4.14,16118
noa.txt,1715018454,60.384724,5.339727,5,11.2,4.12,14894
noa.txt,1715018836,60.384563,5.339621,4,11.3,4.13,17695
noa.txt,1715019215,60.384441,5.339518,7,11.4,4.14,15062
noa.txt,1715019594,60.384514,5.339482,6,11.4,4.11,14703
noa.txt,1715019973,60.384480,5.339476,7,11.6,4.13,14939
noa.txt,1715020351,60.384579,5.339004,7,11.6,4.12,14290
noa.txt,1715020729,60.384449,5.339592,6,11.5,4.12,15296
noa.txt,1715021109,60.384342,5.339566,6,11.4,4.12,14747
noa.txt,1715021488,60.384285,5.339618,6,11.4,4.13,15090
noa.txt,1715021872,60.384838,5.339058,7,11.8,4.13,20234
noa.txt,1715022252,60.384514,5.339215,5,11.7,4.13,16286
noa.txt,1715022644,60.384350,5.339570,6,11.6,4.13,29353
noa.txt,1715023027,60.384666,5.339556,6,11.7,4.14,17940
noa.txt,1715023420,60.384480,5.339606,5,11.8,4.11,29159
noa.txt,1715023800,60.384415,5.339540,6,11.7,4.10,16406
noa.txt,1715024180,60.384422,5.339759,5,11.8,4.12,16566
noa.txt,1715024561,60.384415,5.339524,5,11.8,4.11,16563
noa.txt,1715024943,60.384422,5.339528,6,11.7,4.10,18069
noa.txt,1715025326,60.384449,5.339540,6,11.6,4.13,19068
noa.txt,1715025707,60.384357,5.339088,5,11.6,4.10,17582
noa.txt,1715026086,60.384384,5.339431,6,11.6,4.11,14855
noa.txt,1715026464,60.384300,5.339598,6,11.5,4.12,14291
noa.txt,1715026844,60.384357,5.339763,6,11.4,4.11,15634
noa.txt,1715027223,60.384544,5.339836,7,11.3,4.13,15575
noa.txt,1715027604,60.384487,5.339502,6,11.2,4.13,17008
noa.txt,1715027991,60.384529,5.339631,6,11.2,4.13,22831
noa.txt,1715028377,60.384457,5.339581,7,11.2,4.12,22723
noa.txt,1715028769,60.384594,5.339238,7,11.2,4.13,27553
noa.txt,1715029153,60.384472,5.339538,7,11.2,4.13,20102
noa.txt,1715029533,60.384556,5.339268,7,11.2,4.12,16280
noa.txt,1715029917,60.384487,5.339524,7,11.2,4.11,20184
noa.txt,1715030297,60.384529,5.339350,6,11.2,4.13,16185
noa.txt,1715030676,60.384422,5.339842,6,11.2,4.12,15390
noa.txt,1715031550,60.384480,5.339499,9,11.2,4.10,15859
noa.txt,1715031929,60.384441,5.339552,8,11.2,4.12,15632
noa.txt,1715032308,60.384716,5.339425,7,11.2,4.10,14814
noa.txt,1715032686,60.384666,5.339166,6,11.2,4.12,14391
noa.txt,1715033065,60.384441,5.339301,6,11.3,4.12,15072
noa.txt,1715033445,60.384441,5.339467,5,11.3,4.10,15636
noa.txt,1715033825,60.384472,5.339532,6,11.2,4.12,16268
noa.txt,1715034206,60.384506,5.339455,7,11.2,4.12,16947
noa.txt,1715034586,60.384449,5.339350,6,11.6,4.12,16475
noa.txt,1715034965,60.384441,5.339546,7,11.6,4.11,14906
noa.txt,1715035344,60.384350,5.339550,6,11.6,4.12,15443
noa.txt,1715035726,60.384472,5.339573,8,11.6,4.12,17905
noa.txt,1715036104,60.384407,5.339415,5,11.6,4.12,14087
noa.txt,1715036495,60.384422,5.339349,5,11.6,4.12,27641
noa.txt,1715036881,60.384594,5.339543,7,11.6,4.12,21736
noa.txt,1715037265,60.384335,5.339856,6,11.6,4.12,20202
noa.txt,1715037649,60.384422,5.339602,6,11.5,4.10,20259
noa.txt,1715038027,60.384422,5.339662,6,11.5,4.12,14289
noa.txt,1715038406,60.384472,5.339478,7,11.3,4.12,15069
noa.txt,1715038785,60.384487,5.339638,7,11.4,4.11,15255
noa.txt,1715039164,60.384480,5.339592,6,11.4,4.12,14562
noa.txt,1715039546,60.384415,5.339530,5,11.2,4.11,18302
noa.txt,1715039932,60.384357,5.339671,7,11.2,4.12,21787
noa.txt,1715040316,60.384586,5.339412,6,11.3,4.10,20005
noa.txt,1715040696,60.384594,5.339775,6,11.2,4.11,16408
noa.txt,1715041076,60.384521,5.339653,7,11.2,4.09,16951
noa.txt,1715041457,60.384529,5.339613,6,11.2,4.10,16011
noa.txt,1715041836,60.384487,5.339638,6,11.2,4.08,14956
noa.txt,1715042215,60.384544,5.339415,7,11.2,4.12,15036
noa.txt,1715042594,60.384579,5.339544,7,11.1,4.11,15277
noa.txt,1715042975,60.384521,5.339563,6,11.1,4.12,17236
noa.txt,1715043356,60.384350,5.339582,6,11.1,4.11,16654
noa.txt,1715043735,60.384384,5.339465,7,11.1,4.10,15249
noa.txt,1715044115,60.384480,5.339406,6,11.1,4.12,16211
noa.txt,1715044497,60.384651,5.339532,6,11.1,4.09,18175
noa.txt,1715045373,60.384487,5.339586,8,11.0,4.11,18872
noa.txt,1715045753,60.384487,5.339636,6,11.0,4.12,16100
noa.txt,1715046135,60.384422,5.339760,7,11.1,4.12,18063
noa.txt,1715046514,60.384415,5.339758,6,11.1,4.10,14878
noa.txt,1715046893,60.384521,5.339512,8,11.1,4.11,15339
noa.txt,1715047272,60.384472,5.339508,7,11.1,4.11,14880
noa.txt,1715047651,60.384487,5.339517,7,11.1,4.08,15003
noa.txt,1715049018,60.384441,5.339490,10,11.1,4.11,15675
noa.txt,1715049397,60.384480,5.339604,10,11.1,4.12,14996
noa.txt,1715049776,60.384449,5.339478,10,11.1,4.11,15109
noa.txt,1715050155,60.384544,5.339572,7,11.1,4.11,14839
noa.txt,1715050533,60.384506,5.339487,10,11.1,4.11,14391
noa.txt,1715050913,60.384415,5.339539,7,11.1,4.11,16156
noa.txt,1715051291,60.384472,5.339461,8,11.2,4.11,14389
noa.txt,1715051671,60.384480,5.339424,9,11.2,4.09,15686
noa.txt,1715052049,60.384441,5.339470,7,11.1,4.10,14594
noa.txt,1715052428,60.384415,5.339523,7,11.2,4.09,14995
noa.txt,1715052806,60.384472,5.339365,6,11.2,4.11,14893
noa.txt,1715053185,60.384441,5.339444,8,11.2,4.11,14696
noa.txt,1715053565,60.384521,5.339355,6,11.2,4.11,15832
noa.txt,1715053945,60.384521,5.339419,5,11.2,4.08,16209
noa.txt,1715054326,60.384422,5.339445,7,11.1,4.11,16890
noa.txt,1715054707,60.384529,5.339391,7,11.1,4.10,16943
noa.txt,1715055089,60.384586,5.339415,7,11.0,4.08,18453
noa.txt,1715055473,60.384701,5.339279,7,11.0,4.08,20173
noa.txt,1715055856,60.384514,5.339589,7,11.0,4.10,18498
noa.txt,1715056245,60.384415,5.339455,6,11.0,4.10,25202
noa.txt,1715056628,60.384487,5.339383,6,11.0,4.11,20071
noa.txt,1715057012,60.384457,5.339731,5,11.0,4.11,20246
noa.txt,1715057393,60.384506,5.339006,5,10.9,4.08,16174
noa.txt,1715057791,60.384506,5.339518,6,10.8,4.08,34260
noa.txt,1715058170,60.384514,5.339606,7,10.8,4.09,15127
noa.txt,1715058549,60.384457,5.339402,7,10.8,4.11,14834
noa.txt,1715058936,60.384472,5.339395,6,10.7,4.08,23565
noa.txt,1715059318,60.384457,5.339580,7,10.7,4.08,18030
noa.txt,1715059698,60.384472,5.339565,5,10.8,4.09,16126
noa.txt,1715060079,60.384514,5.339702,5,10.8,4.07,16925
noa.txt,1715060458,60.384472,5.339615,6,10.8,4.10,15180
noa.txt,1715060838,60.384480,5.339384,7,10.8,4.11,16139
noa.txt,1715061218,60.384472,5.339515,6,10.9,4.10,16734
noa.txt,1715061597,60.384415,5.339522,5,11.0,4.08,14896
noa.txt,1715061979,60.384579,5.339465,6,10.8,4.11,17686
noa.txt,1715062359,60.384609,5.339478,5,10.8,4.11,15770
noa.txt,1715062738,60.384586,5.339516,5,10.8,4.08,15558
noa.txt,1715063119,60.384701,5.339025,5,10.9,4.10,16890
noa.txt,1715063498,60.384586,5.339366,5,10.8,4.09,15415
noa.txt,1715063887,60.384621,5.339207,4,10.9,4.08,24801
noa.txt,1715064278,60.384529,5.339393,4,11.0,4.10,27361
noa.txt,1715064687,60.384563,5.339562,7,11.0,4.10,45222
noa.txt,1715065074,60.384521,5.339582,7,11.0,4.08,23267
noa.txt,1715065456,60.384586,5.339483,6,11.2,4.08,17745
noa.txt,1715065838,60.384449,5.339565,7,11.2,4.09,18359
noa.txt,1715066229,60.384441,5.339539,6,10.9,4.09,27202
noa.txt,1715066613,60.384415,5.339211,7,10.8,4.10,20893
noa.txt,1715066997,60.384441,5.339364,7,10.9,4.10,20197
noa.txt,1715067381,60.384277,5.338297,6,10.8,4.08,19511
noa.txt,1715067762,60.384449,5.340311,6,10.7,4.08,17964
noa.txt,1715068634,60.384529,5.339629,6,11.1,4.09,16293
noa.txt,1715069014,60.384487,5.339573,6,11.1,4.07,14291
noa.txt,1715069393,60.384407,5.339437,5,11.2,4.11,15303
noa.txt,1715069772,60.384449,5.339389,5,11.0,4.08,14899
noa.txt,1715070153,60.384472,5.339418,7,10.8,4.09,17899
noa.txt,1715070532,60.384449,5.339563,6,10.8,4.09,14921
noa.txt,1715070917,60.384357,5.339743,7,11.1,4.07,20838
noa.txt,1715071298,60.384422,5.339723,6,10.8,4.10,17639
noa.txt,1715071681,60.384457,5.339468,6,10.7,4.10,18986
noa.txt,1715072061,60.384506,5.339377,5,10.7,4.07,16478
noa.txt,1715072441,60.384529,5.339395,6,10.7,4.08,17076
noa.txt,1715072822,60.384480,5.339538,7,10.8,4.10,16511
noa.txt,1715073207,60.384319,5.339743,6,10.7,4.10,20534
noa.txt,1715073586,60.384472,5.339468,9,10.7,4.08,15880
noa.txt,1715073966,60.384300,5.339659,5,10.7,4.10,15490
noa.txt,1715074350,60.384563,5.339358,5,10.7,4.08,20180
noa.txt,1715074731,60.384487,5.339372,5,10.7,4.08,17660
noa.txt,1715075110,60.384415,5.340023,5,10.6,4.08,15085
noa.txt,1715075494,60.384415,5.339434,6,10.7,4.08,20479
noa.txt,1715075883,60.384422,5.339417,5,10.7,4.10,25458
noa.txt,1715076279,60.384457,5.339533,5,10.7,4.08,32465
noa.txt,1715076658,60.384521,5.339492,5,10.8,4.09,15344
noa.txt,1715077528,60.384544,5.339170,10,10.7,4.10,14501
noa.txt,1715077906,60.384472,5.339497,8,10.7,4.09,14796
noa.txt,1715078297,60.384457,5.339610,6,10.8,4.08,27300
noa.txt,1715078678,60.384472,5.339672,8,10.7,4.09,17235
noa.txt,1715079057,60.384521,5.339206,9,10.8,4.09,15023
noa.txt,1715079437,60.384529,5.339358,8,10.7,4.09,16582
noa.txt,1715079815,60.384544,5.339606,7,10.7,4.09,15097
noa.txt,1715080199,60.384521,5.339571,5,10.7,4.09,19320
noa.txt,1715080577,60.384514,5.339401,7,10.7,4.10,14492
noa.txt,1715080956,60.384480,5.339411,6,10.8,4.08,15423
noa.txt,1715081334,60.384586,5.339530,5,10.7,4.09,14691
noa.txt,1715081713,60.384457,5.339418,7,10.7,4.09,14982
noa.txt,1715082093,60.384487,5.339398,8,10.8,4.07,17263
noa.txt,1715082473,60.384556,5.339455,6,10.8,4.09,15907
noa.txt,1715082853,60.384544,5.339555,6,10.7,4.09,15674
noa.txt,1715083233,60.384514,5.339617,7,10.7,4.09,16363
noa.txt,1715083614,60.384563,5.339661,7,10.7,4.08,17492
noa.txt,1715084001,60.384579,5.339561,7,10.6,4.08,23116
noa.txt,1715084386,60.384407,5.339368,6,10.6,4.08,21488
noa.txt,1715084768,60.384621,5.339526,8,10.8,4.08,17851
noa.txt,1715085146,60.384415,5.339654,7,10.8,4.07,14490
noa.txt,1715085524,60.384441,5.339406,7,10.7,4.07,14289
noa.txt,1715085904,60.384457,5.339750,6,10.8,4.09,15797
noa.txt,1715086284,60.384350,5.339340,6,10.8,4.07,16383
noa.txt,1715086663,60.384506,5.339574,9,10.7,4.08,15083
noa.txt,1715087041,60.384521,5.339379,7,10.9,4.10,14590
noa.txt,1715087422,60.384487,5.339385,7,10.8,4.07,16739
noa.txt,1715087804,60.384529,5.339650,8,10.8,4.10,18158
noa.txt,1715088184,60.384342,5.339503,7,10.8,4.09,16540
noa.txt,1715088563,60.384621,5.339314,7,10.8,4.08,14869
noa.txt,1715088943,60.384472,5.339568,7,10.7,4.08,16540
noa.txt,1715089323,60.384506,5.339267,6,10.7,4.09,16253
noa.txt,1715089705,60.384415,5.339445,7,10.8,4.06,17977
noa.txt,1715090084,60.384506,5.339522,8,10.8,4.06,15097
noa.txt,1715090469,60.384277,5.339525,7,10.7,4.09,20691
noa.txt,1715090848,60.384563,5.339632,6,10.7,4.05,20926
noa.txt,1715091244,60.384441,5.339239,5,10.7,4.07,26437
noa.txt,1715091623,60.384300,5.339655,7,10.7,4.09,15014
noa.txt,1715092003,60.384441,5.339557,8,10.7,4.09,16256
noa.txt,1715092384,60.384480,5.339514,7,10.7,4.09,17064
noa.txt,1715092763,60.384350,5.339486,6,10.7,4.09,15556
noa.txt,1715093142,60.384472,5.339630,7,10.7,4.09,15254
noa.txt,1715093522,60.384579,5.339213,6,10.6,4.07,21160
noa.txt,1715093906,60.384556,5.339351,6,10.7,4.09,15126
noa.txt,1715094289,60.384441,5.339525,5,10.7,4.09,18620
noa.txt,1715094668,60.384335,5.340016,6,10.7,4.07,14940
noa.txt,1715095047,60.384392,5.339672,7,10.7,4.09,15272
noa.txt,1715095434,60.384506,5.339372,6,10.7,4.07,23395
noa.txt,1715095832,60.384357,5.339343,6,10.7,4.09,33951
noa.txt,1715096212,60.384521,5.339340,5,10.7,4.09,16607
noa.txt,1715096607,60.384357,5.339951,5,10.6,4.08,30996
noa.txt,1715097009,60.384556,5.339516,5,10.7,4.09,38024
noa.txt,1715097392,60.384319,5.339330,4,10.9,4.07,19351
noa.txt,1715097799,60.384457,5.339550,5,10.9,4.07,42591
noa.txt,1715098179,60.384514,5.339494,6,10.8,4.09,16163
noa.txt,1715098557,60.384407,5.339532,7,10.8,4.09,14392
noa.txt,1715098940,60.384487,5.339518,7,10.8,4.07,18928
noa.txt,1715099320,60.384449,5.339457,6,10.8,4.09,16275
noa.txt,1715099699,60.384480,5.339521,5,10.8,4.08,14948
noa.txt,1715100077,60.384521,5.339468,6,10.8,4.09,14591
noa.txt,1715100458,60.384506,5.339592,6,10.8,4.09,17354
noa.txt,1715100839,60.384441,5.339511,5,10.8,4.07,16430
noa.txt,1715101217,60.384480,5.339516,7,10.8,4.09,14292
noa.txt,1715101602,60.384441,5.339419,8,10.8,4.09,20793
noa.txt,1715101980,60.384441,5.339607,7,10.8,4.08,14290
noa.txt,1715102359,60.384392,5.339440,6,10.7,4.08,15197
noa.txt,1715102738,60.384487,5.339623,6,10.7,4.09,15635
noa.txt,1715103118,60.384506,5.339777,5,10.6,4.09,15569
noa.txt,1715103499,60.384384,5.339396,6,10.6,4.08,18642
noa.txt,1715103883,60.384285,5.339435,5,10.6,4.05,18980
noa.txt,1715104268,60.384407,5.339447,4,10.6,4.08,20931
noa.txt,1715104661,60.384472,5.339506,4,10.6,4.07,28890
noa.txt,1715105044,60.384487,5.339544,5,10.6,4.08,19385
noa.txt,1715105423,60.384441,5.339451,5,10.6,4.08,14992
noa.txt,1715105801,60.384487,5.339463,5,10.6,4.06,14588
noa.txt,1715106180,60.384521,5.339748,4,10.6,4.07,14994
noa.txt,1715106560,60.384392,5.339376,4,10.6,4.06,15931
noa.txt,1715106942,60.384457,5.339365,4,10.6,4.08,17710
noa.txt,1715107323,60.384506,5.339592,4,10.7,4.09,17412
noa.txt,1715107710,60.384506,5.339705,4,10.6,4.06,22522
noa.txt,1715108119,60.384472,5.339491,6,10.6,4.08,45239
noa.txt,1715108500,60.384506,5.339503,4,10.5,4.08,17319
noa.txt,1715108886,60.384357,5.339528,5,10.6,4.08,22099
noa.txt,1715109278,60.384300,5.339566,4,10.6,4.07,27605
noa.txt,1715109660,60.384377,5.339424,6,10.8,4.08,18083
noa.txt,1715110038,60.384449,5.339578,6,11.0,4.05,14590
noa.txt,1715110417,60.384487,5.339516,6,11.0,4.06,14887
noa.txt,1715110795,60.384441,5.339629,5,10.9,4.08,14896
noa.txt,1715111175,60.384487,5.339511,5,10.9,4.08,14972
noa.txt,1715112048,60.384823,5.339468,5,10.8,4.06,15120
noa.txt,1715112426,60.384357,5.339446,7,10.8,4.08,15098
noa.txt,1715112806,60.384441,5.339427,8,10.8,4.08,15433
noa.txt,1715113185,60.384579,5.339632,8,10.8,4.07,14707
noa.txt,1715113564,60.384407,5.339552,7,10.8,4.08,15032
noa.txt,1715113945,60.384651,5.339452,7,10.8,4.08,17441
noa.txt,1715114327,60.384350,5.339625,8,10.9,4.08,17294
noa.txt,1715114707,60.384441,5.339504,9,10.9,4.08,16310
noa.txt,1715115090,60.384480,5.339425,8,10.7,4.04,19392
noa.txt,1715115471,60.384563,5.339238,7,10.6,4.05,17124
noa.txt,1715115852,60.384422,5.339524,6,10.6,4.08,16431
noa.txt,1715116231,60.384457,5.339456,6,10.5,4.08,15078
noa.txt,1715116609,60.384628,5.339531,6,10.4,4.08,14994
noa.txt,1715116989,60.384586,5.339423,6,10.4,4.08,15175
noa.txt,1715117367,60.384335,5.339741,6,10.4,4.05,14594
noa.txt,1715117746,60.384472,5.339337,6,10.4,4.08,14693
noa.txt,1715118623,60.384506,5.339653,7,10.4,4.05,18938
noa.txt,1715119005,60.384235,5.339717,8,10.4,4.05,18253
noa.txt,1715119387,60.384529,5.339595,7,10.4,4.08,18039
noa.txt,1715119776,60.384521,5.339479,6,10.4,4.08,25061
noa.txt,1715120159,60.384480,5.339589,6,10.4,4.07,18799
noa.txt,1715120555,60.384487,5.339406,5,10.4,4.05,32189
noa.txt,1715120936,60.384415,5.339480,8,10.4,4.08,16863
noa.txt,1715121318,60.384514,5.339443,7,10.4,4.08,18042
noa.txt,1715121698,60.384701,5.339868,7,10.4,4.05,16231
noa.txt,1715122078,60.384659,5.339472,7,10.4,4.08,15240
noa.txt,1715122457,60.384487,5.339589,7,10.3,4.06,16310
noa.txt,1715122837,60.384758,5.339591,6,10.3,4.08,14717
noa.txt,1715123217,60.384212,5.339602,6,10.4,4.07,16247
noa.txt,1715123601,60.384300,5.339644,7,10.4,4.08,19840
noa.txt,1715123989,60.384514,5.339509,7,10.4,4.06,23775
noa.txt,1715124370,60.384392,5.339595,7,10.4,4.07,17359
noa.txt,1715124749,60.384506,5.339531,7,10.3,4.08,15014
noa.txt,1715125622,60.384556,5.339516,7,10.3,4.04,15068
noa.txt,1715126001,60.384521,5.339625,8,10.2,4.05,14747
noa.txt,1715126379,60.384472,5.339524,7,10.2,4.07,14694
noa.txt,1715126758,60.384480,5.339562,7,10.2,4.08,14490
noa.txt,1715127137,60.384487,5.339567,7,10.3,4.07,14760
noa.txt,1715127515,60.384449,5.339514,8,10.3,4.07,14568
noa.txt,1715127894,60.384472,5.339946,6,10.2,4.05,14490
noa.txt,1715128272,60.384392,5.339866,7,10.3,4.08,14389
noa.txt,1715128651,60.384472,5.339670,8,10.3,4.06,14863
noa.txt,1715129030,60.384449,5.339544,5,10.3,4.05,15296
noa.txt,1715129425,60.384392,5.339648,7,10.3,4.06,30309
noa.txt,1715129804,60.384392,5.339941,7,10.3,4.05,14936
noa.txt,1715130183,60.384480,5.339472,8,10.3,4.07,14697
noa.txt,1715130561,60.384556,5.339376,7,10.3,4.05,14492
noa.txt,1715130943,60.384472,5.339561,7,10.3,4.05,17985
noa.txt,1715131321,60.384457,5.339612,7,10.2,4.07,14994
noa.txt,1715131702,60.384472,5.339395,9,10.3,4.05,16010
noa.txt,1715132084,60.384392,5.339672,6,10.2,4.07,18114
noa.txt,1715132466,60.384514,5.339223,5,10.3,4.06,17979
noa.txt,1715133345,60.384487,5.339782,6,10.2,4.03,20853
noa.txt,1715133725,60.384529,5.339161,5,10.2,4.07,16155
noa.txt,1715134104,60.384472,5.339780,6,10.2,4.07,14882
noa.txt,1715134483,60.384377,5.339757,6,10.2,4.07,14838
noa.txt,1715134862,60.384457,5.339582,7,10.2,4.07,14859
noa.txt,1715135240,60.384407,5.339530,7,10.2,4.07,14692
noa.txt,1715135619,60.384480,5.339629,7,10.3,4.05,14977
noa.txt,1715135999,60.384415,5.339798,6,10.2,4.04,15757
noa.txt,1715136378,60.384480,5.339570,5,10.3,4.05,14833
noa.txt,1715136758,60.384449,5.339525,6,10.3,4.07,16098
noa.txt,1715137138,60.384480,5.339415,7,10.3,4.07,16136
noa.txt,1715137517,60.384075,5.339576,5,10.4,4.05,14976
noa.txt,1715137897,60.384556,5.339514,5,10.3,4.07,16078
noa.txt,1715138285,60.384556,5.339475,5,10.4,4.07,24175
noa.txt,1715138679,60.384472,5.339520,8,10.4,4.07,29852
noa.txt,1715139058,60.384342,5.339544,9,10.3,4.07,14892
noa.txt,1715139437,60.384422,5.339468,9,10.4,4.07,14991
noa.txt,1715139817,60.384407,5.339587,8,10.4,4.07,15467
noa.txt,1715140202,60.384392,5.340041,7,10.3,4.07,21188
noa.txt,1715140587,60.384556,5.339863,7,10.2,4.06,20628
noa.txt,1715140974,60.384377,5.339439,5,10.2,4.08,23108
noa.txt,1715141358,60.384644,5.340123,5,10.2,4.07,20670
noa.txt,1715141738,60.384422,5.339582,7,10.2,4.05,15567
noa.txt,1715142120,60.384415,5.339470,6,10.3,4.07,18086
noa.txt,1715142499,60.384384,5.339177,5,10.3,4.07,14721
noa.txt,1715142879,60.384544,5.340404,5,10.2,4.06,16030
noa.txt,1715143287,60.384487,5.339471,5,10.2,4.07,43615
noa.txt,1715143665,60.384563,5.339389,6,10.2,4.07,15197
noa.txt,1715144054,60.384529,5.339446,6,10.2,4.07,23959
noa.txt,1715144435,60.384487,5.339499,7,10.3,4.07,16744
noa.txt,1715144815,60.384415,5.339732,6,10.3,4.05,16000
noa.txt,1715145196,60.384529,5.339436,6,10.2,4.04,16984
noa.txt,1715145576,60.384449,5.339563,7,10.2,4.07,16286
noa.txt,1715145959,60.384449,5.339436,7,10.2,4.08,18618
noa.txt,1715146340,60.384457,5.339509,6,10.2,4.07,17281
noa.txt,1715146720,60.384392,5.339529,5,10.2,4.04,15595
noa.txt,1715147100,60.384480,5.339458,5,10.2,4.04,15972
noa.txt,1715147482,60.384563,5.339019,5,10.1,4.05,18241
noa.txt,1715147863,60.384457,5.339479,5,10.1,4.07,17296
noa.txt,1715148737,60.384529,5.339655,8,10.1,4.06,15703
noa.txt,1715149116,60.384480,5.339292,8,10.0,4.07,14874
noa.txt,1715149497,60.384441,5.339563,8,10.0,4.04,17946
noa.txt,1715149876,60.384529,5.339687,8,10.1,4.06,14896
noa.txt,1715150257,60.384563,5.339839,7,10.1,4.05,16086
noa.txt,1715150635,60.384563,5.339627,8,10.1,4.07,14591
noa.txt,1715151014,60.384480,5.339486,9,10.1,4.06,14791
noa.txt,1715151394,60.384487,5.339735,9,10.2,4.04,16121
noa.txt,1715151775,60.384609,5.339826,8,10.2,4.05,17640
noa.txt,1715152154,60.384487,5.339551,9,10.3,4.05,14289
noa.txt,1715152532,60.384457,5.339261,8,10.3,4.06,14491
noa.txt,1715152911,60.384514,5.339675,8,10.4,4.07,15014
noa.txt,1715153290,60.384415,5.339050,8,10.4,4.06,14983
noa.txt,1715153670,60.384529,5.339286,5,10.4,4.05,16374
noa.txt,1715154050,60.384472,5.339185,7,10.4,4.06,16841
noa.txt,1715154432,60.384544,5.339180,6,10.4,4.06,16871
noa.txt,1715154811,60.384422,5.339587,6,10.4,4.05,16015
noa.txt,1715155191,60.384521,5.338396,6,10.4,4.05,16206
noa.txt,1715155571,60.384521,5.340501,5,10.4,4.06,15766
noa.txt,1715155955,60.384472,5.339671,5,10.4,4.07,20134
noa.txt,1715156336,60.384480,5.339505,6,10.4,4.05,16948
noa.txt,1715156715,60.384514,5.340039,5,10.4,4.07,15875
noa.txt,1715157095,60.384487,5.339547,6,10.4,4.05,15553
noa.txt,1715157475,60.384384,5.339067,7,10.4,4.07,16020
noa.txt,1715157856,60.384609,5.338500,9,10.4,4.05,18318
noa.txt,1715158238,60.384472,5.339194,8,10.4,4.05,16922
noa.txt,1715158616,60.384472,5.339194,7,10.1,4.07,14492
noa.txt,1715158995,60.384457,5.339783,8,10.0,4.06,14832
noa.txt,1715159373,60.384514,5.339406,7,10.0,4.06,14385
noa.txt,1715159752,60.384480,5.339429,6,10.0,4.05,15007
noa.txt,1715160130,60.384441,5.339606,6,10.0,4.07,14894
noa.txt,1715160509,60.384422,5.339372,4,10.0,4.04,14492
noa.txt,1715160888,60.384457,5.339530,6,10.0,4.07,14834
noa.txt,1715161266,60.384506,5.339395,6,10.0,4.04,14671
noa.txt,1715161646,60.384487,5.339453,6,10.0,4.07,15373
noa.txt,1715162026,60.384487,5.339469,5,10.0,4.07,16334
noa.txt,1715162406,60.384563,5.339417,6,10.1,4.04,16250
noa.txt,1715162786,60.384449,5.339275,4,10.1,4.07,16241
noa.txt,1715163659,60.384621,5.339668,9,10.0,4.07,16715
noa.txt,1715164039,60.384563,5.339607,7,10.1,4.07,15060
noa.txt,1715164417,60.384415,5.339702,7,10.1,4.07,14895
noa.txt,1715164796,60.384514,5.339467,9,10.1,4.07,14994
noa.txt,1715165175,60.384422,5.339468,9,10.1,4.06,15070
noa.txt,1715165554,60.384506,5.339275,9,10.1,4.05,15144
noa.txt,1715165933,60.384644,5.339567,6,10.1,4.05,14958
noa.txt,1715166322,60.384506,5.339360,5,10.1,4.04,25650
noa.txt,1715166721,60.384449,5.339707,6,10.1,4.05,35710
noa.txt,1715167104,60.384472,5.339406,5,10.1,4.06,18132
noa.txt,1715167510,60.384392,5.339620,4,10.1,4.04,42586
noa.txt,1715167893,60.384422,5.339589,4,10.1,4.07,18807
noa.txt,1715168280,60.384441,5.340040,6,10.1,4.07,23704
noa.txt,1715168662,60.384441,5.339479,6,10.1,4.05,18125
noa.txt,1715169042,60.384457,5.339743,5,10.1,4.06,15762
noa.txt,1715169427,60.384407,5.339819,6,10.1,4.05,21417
noa.txt,1715169808,60.384487,5.339370,5,10.1,4.05,17000
noa.txt,1715170187,60.384342,5.339508,5,10.1,4.07,15639
noa.txt,1715170566,60.384506,5.339715,6,10.1,4.07,15087
noa.txt,1715170946,60.384422,5.339692,6,10.1,4.05,16207
noa.txt,1715171324,60.384335,5.339618,7,10.1,4.06,14592
noa.txt,1715171703,60.384350,5.339519,7,10.1,4.03,14496
noa.txt,1715172081,60.384529,5.339602,7,10.1,4.07,14389
noa.txt,1715172459,60.384270,5.340834,7,10.1,4.07,14893
noa.txt,1715172841,60.384392,5.339226,5,10.1,4.05,18155
noa.txt,1715173220,60.384472,5.340010,7,10.1,4.06,14692
noa.txt,1715173600,60.384449,5.339349,6,10.1,4.05,15783
noa.txt,1715173982,60.384487,5.339619,6,10.1,4.05,18175
noa.txt,1715174362,60.384521,5.339168,6,10.1,4.07,16926
noa.txt,1715174743,60.384563,5.339391,6,10.1,4.07,16746
noa.txt,1715175126,60.384384,5.339129,5,10.1,4.06,19502
noa.txt,1715175520,60.384392,5.339671,5,10.1,4.06,30356
noa.txt,1715175899,60.384457,5.339417,7,10.1,4.04,15303
noa.txt,1715176282,60.384243,5.339591,7,10.1,4.06,19272
noa.txt,1715176661,60.384449,5.339560,6,10.1,4.06,14859
noa.txt,1715177046,60.384514,5.339494,5,10.1,4.07,21595
noa.txt,1715177429,60.384487,5.339618,5,10.1,4.07,19538
noa.txt,1715177817,60.384586,5.339239,5,10.1,4.05,24412
noa.txt,1715178219,60.384480,5.339499,8,10.1,4.04,38081
noa.txt,1715178598,60.384277,5.339743,7,10.1,4.04,15204
noa.txt,1715178977,60.384449,5.339370,6,10.1,4.06,15382
noa.txt,1715179357,60.384521,5.339514,7,10.1,4.06,16770
noa.txt,1715179739,60.384357,5.339391,7,10.1,4.04,17748
noa.txt,1715180118,60.384449,5.339516,7,10.1,4.04,15165
noa.txt,1715180499,60.384457,5.339417,7,10.1,4.07,17115
noa.txt,1715180879,60.384377,5.339467,8,10.1,4.03,16389
noa.txt,1715181259,60.384556,5.339453,7,10.1,4.06,16560
noa.txt,1715181642,60.384506,5.339343,7,10.1,4.07,18604
noa.txt,1715182022,60.384556,5.339645,6,10.1,4.06,16449
noa.txt,1715182401,60.384556,5.339546,6,10.1,4.06,14870
noa.txt,1715182780,60.384594,5.339404,5,10.1,4.03,15164
noa.txt,1715183159,60.384556,5.339127,5,10.1,4.06,14843
noa.txt,1715183547,60.384487,5.339219,5,10.1,4.06,24580
noa.txt,1715183931,60.384487,5.339638,5,9.9,4.04,20152
noa.txt,1715184331,60.384487,5.339550,5,9.9,4.05,36321
noa.txt,1715184710,60.384441,5.339543,5,9.9,4.07,14925
noa.txt,1715185089,60.384659,5.339536,5,10.0,4.04,14922
noa.txt,1715185469,60.384514,5.339522,5,9.9,4.07,16384
noa.txt,1715185850,60.384457,5.339488,5,9.9,4.03,16825
noa.txt,1715186229,60.384480,5.339470,5,9.9,4.07,15044
noa.txt,1715186609,60.384392,5.339418,4,9.9,4.07,16102
noa.txt,1715186988,60.384407,5.339612,6,9.9,4.06,16780
noa.txt,1715187371,60.384594,5.339475,6,9.9,4.06,17898
noa.txt,1715187751,60.384407,5.339543,5,9.9,4.04,16071
noa.txt,1715188131,60.384384,5.339387,5,9.9,4.03,15733
noa.txt,1715188510,60.384621,5.339737,5,10.1,4.06,15061
noa.txt,1715188890,60.384449,5.339511,5,10.1,4.06,16181
noa.txt,1715189270,60.384579,5.339618,5,10.3,4.05,16128
noa.txt,1715189671,60.384529,5.339514,8,10.4,4.05,36693
noa.txt,1715190049,60.384441,5.339668,8,10.4,4.03,14289
noa.txt,1715190427,60.384480,5.339321,7,10.4,4.03,14289
noa.txt,1715190806,60.384457,5.339719,6,10.4,4.06,14995
noa.txt,1715191185,60.384449,5.339680,6,10.4,4.06,14861
noa.txt,1715191564,60.384449,5.339615,6,10.4,4.06,14906
noa.txt,1715191942,60.384357,5.339586,6,10.4,4.03,14895
noa.txt,1715192322,60.384521,5.339518,5,10.4,4.06,15582
noa.txt,1715192706,60.384628,5.339382,6,10.4,4.07,19940
noa.txt,1715193088,60.384415,5.339576,6,10.4,4.05,17512
noa.txt,1715193470,60.384563,5.339410,7,10.3,4.05,18024
noa.txt,1715193851,60.384487,5.339468,8,10.2,4.04,17514
noa.txt,1715194233,60.384621,5.339370,7,10.2,4.04,17584
noa.txt,1715194618,60.384392,5.339522,6,10.3,4.04,20927
noa.txt,1715194997,60.384178,5.339983,6,10.3,4.06,15085
noa.txt,1715195377,60.384529,5.339561,6,10.3,4.03,16344
noa.txt,1715195761,60.384377,5.339437,6,10.2,4.05,19987
noa.txt,1715196141,60.384457,5.339398,6,10.1,4.06,16066
noa.txt,1715196521,60.384487,5.339690,6,10.2,4.06,15956
noa.txt,1715196901,60.384457,5.339520,6,10.2,4.04,15883
noa.txt,1715197282,60.384449,5.339491,5,10.2,4.04,16585
noa.txt,1715197662,60.384422,5.339345,5,10.2,4.05,16081
noa.txt,1715198053,60.384342,5.338930,5,10.2,4.02,27163
noa.txt,1715198460,60.384422,5.339496,7,10.2,4.07,43736
noa.txt,1715198840,60.384521,5.339571,6,10.2,4.05,15402
noa.txt,1715199219,60.384472,5.339376,6,10.2,4.03,14846
noa.txt,1715199597,60.384457,5.339458,5,10.2,4.06,14391
noa.txt,1715199983,60.384750,5.339361,7,10.2,4.04,21852
noa.txt,1715200365,60.384422,5.339302,6,10.2,4.05,17934
noa.txt,1715200747,60.384644,5.339663,7,10.2,4.06,18494
noa.txt,1715201131,60.384586,5.339526,7,10.2,4.03,19775
noa.txt,1715201513,60.384449,5.339559,7,10.2,4.06,18093
noa.txt,1715201894,60.384529,5.339623,7,10.2,4.03,16691
noa.txt,1715202274,60.384621,5.339541,7,10.2,4.05,16601
noa.txt,1715202654,60.384407,5.339541,6,10.2,4.05,15058
noa.txt,1715203032,60.384449,5.339529,6,10.2,4.06,14794
noa.txt,1715203413,60.384285,5.339696,6,10.2,4.06,16609
noa.txt,1715203795,60.384205,5.339630,7,10.2,4.05,17629
noa.txt,1715204174,60.384823,5.339172,6,10.3,4.04,14851
noa.txt,1715204556,60.384666,5.339281,7,10.3,4.06,18063
noa.txt,1715204939,60.384220,5.339538,7,10.3,4.03,19043
noa.txt,1715205327,60.384480,5.339482,6,10.4,4.05,24385
noa.txt,1715205707,60.384415,5.339650,6,10.4,4.04,16472
noa.txt,1715206088,60.384357,5.339523,8,10.4,4.06,17086
noa.txt,1715206473,60.384441,5.339561,7,10.5,4.04,21235
noa.txt,1715207349,60.384644,5.339525,7,10.6,4.06,17642
noa.txt,1715207731,60.384529,5.339538,7,10.3,4.04,17937
noa.txt,1715208604,60.384415,5.339550,8,10.4,4.03,15032
noa.txt,1715208984,60.384724,5.340612,7,10.4,4.03,16729
noa.txt,1715209365,60.384472,5.339591,6,10.4,4.05,16835
noa.txt,1715209744,60.384514,5.339082,7,10.3,4.03,14640
noa.txt,1715210124,60.384628,5.339706,6,10.4,4.06,16098
noa.txt,1715210503,60.384621,5.338741,8,10.3,4.03,15721
noa.txt,1715210886,60.384521,5.339518,8,10.3,4.06,19540
noa.txt,1715211269,60.384586,5.339117,6,10.2,4.05,18214
noa.txt,1715211650,60.384449,5.339478,8,10.2,4.05,17407
noa.txt,1715212033,60.384270,5.340617,8,10.2,4.03,19486
noa.txt,1715212415,60.384377,5.339775,7,10.2,4.03,18172
noa.txt,1715212796,60.384415,5.339674,6,10.3,4.06,16168
noa.txt,1715213176,60.384506,5.339482,5,10.3,4.06,16262
noa.txt,1715213555,60.384506,5.339516,6,10.2,4.04,15073
noa.txt,1715213933,60.384480,5.339592,5,10.6,4.04,14289
noa.txt,1715214312,60.384472,5.339507,5,10.4,4.06,15018
noa.txt,1715214692,60.384506,5.339204,6,10.3,4.04,16271
noa.txt,1715215071,60.384506,5.339585,5,10.2,4.03,14908
noa.txt,1715215450,60.384529,5.339453,5,10.4,4.05,14844
noa.txt,1715215833,60.384514,5.339377,6,10.7,4.06,19390
noa.txt,1715216214,60.384457,5.339467,5,10.6,4.03,16928
noa.txt,1715216602,60.384457,5.339631,6,10.6,4.04,23740
noa.txt,1715216986,60.384487,5.339767,5,10.4,4.05,20120
noa.txt,1715217369,60.384506,5.339582,5,10.2,4.06,19529
noa.txt,1715217752,60.384357,5.339613,4,10.2,4.05,18586
noa.txt,1715218134,60.384457,5.339679,5,10.2,4.06,17998
noa.txt,1715218516,60.384472,5.339867,5,10.2,4.06,18051
noa.txt,1715218896,60.384441,5.339619,6,10.4,4.04,15354
noa.txt,1715219275,60.384457,5.339580,6,10.3,4.06,15732
noa.txt,1715219656,60.384556,5.339458,6,10.4,4.06,16839
noa.txt,1715220037,60.384270,5.340376,6,10.4,4.06,16828
noa.txt,1715220422,60.384487,5.339458,5,10.4,4.05,21428
noa.txt,1715221295,60.384457,5.339704,12,10.4,4.03,14621
noa.txt,1715221673,60.384441,5.339694,7,10.4,4.04,14492
noa.txt,1715222052,60.384480,5.339567,10,10.4,4.05,14797
noa.txt,1715222431,60.384449,5.339696,7,10.4,4.06,14811
noa.txt,1715222814,60.384457,5.339310,6,10.4,4.03,18782
noa.txt,1715223194,60.384449,5.339586,7,10.4,4.06,16430
noa.txt,1715223579,60.384422,5.339548,8,10.4,4.03,21060
noa.txt,1715223960,60.384544,5.339563,8,10.4,4.03,16673
noa.txt,1715224342,60.384487,5.339319,8,10.4,4.03,18240
noa.txt,1715224728,60.384487,5.339632,6,10.3,4.05,21813
noa.txt,1715225109,60.384449,5.339398,6,10.3,4.06,16790
noa.txt,1715225493,60.384392,5.339546,5,10.3,4.06,19993
noa.txt,1715225875,60.384514,5.339381,5,10.3,4.03,18043
noa.txt,1715226256,60.384441,5.339406,5,10.2,4.06,17863
noa.txt,1715226639,60.384563,5.339551,7,10.2,4.04,18200
noa.txt,1715227029,60.384514,5.339517,5,10.3,4.04,25730
noa.txt,1715227412,60.384521,5.339410,7,10.3,4.03,19376
noa.txt,1715227795,60.384480,5.339557,7,10.4,4.06,18973
noa.txt,1715228671,60.384594,5.339506,6,10.3,4.03,17568
noa.txt,1715229057,60.384659,5.339518,6,10.2,4.05,21944
noa.txt,1715229436,60.384609,5.339503,6,10.2,4.05,14828
noa.txt,1715229815,60.384350,5.339453,6,10.2,4.05,15113
noa.txt,1715230194,60.384758,5.339691,5,10.3,4.04,15458
noa.txt,1715230574,60.384594,5.339811,6,10.2,4.05,15393
noa.txt,1715230955,60.384441,5.339463,6,10.4,4.04,17551
noa.txt,1715231349,60.384441,5.339415,6,10.4,4.06,29854
noa.txt,1715231730,60.384514,5.339564,6,10.4,4.05,17075
noa.txt,1715232111,60.384457,5.339515,5,10.4,4.03,16555
noa.txt,1715232491,60.384521,5.339578,5,10.4,4.03,16669
noa.txt,1715232872,60.384392,5.339453,5,10.2,4.04,16879
noa.txt,1715233252,60.384449,5.339479,5,10.4,4.04,15650
noa.txt,1715233634,60.384514,5.339458,5,10.4,4.02,18096
noa.txt,1715234016,60.384506,5.339460,5,10.3,4.06,18076
noa.txt,1715234397,60.384457,5.339089,5,10.4,4.04,18359
noa.txt,1715234799,60.384312,5.339507,6,10.3,4.06,36304
noa.txt,1715235179,60.384609,5.339561,8,10.3,4.06,15635
noa.txt,1715235557,60.384556,5.339618,7,10.3,4.05,14897
noa.txt,1715235937,60.384457,5.339287,5,10.2,4.02,15526
noa.txt,1715236316,60.384422,5.339654,6,10.3,4.06,14825
noa.txt,1715236695,60.384621,5.339498,6,10.3,4.02,14798
noa.txt,1715237075,60.384422,5.339513,6,10.2,4.04,16284
noa.txt,1715237457,60.384441,5.339479,7,10.2,4.03,17947
noa.txt,1715237839,60.384457,5.339667,6,10.2,4.05,18038
noa.txt,1715238221,60.384407,5.339414,6,10.2,4.05,18341
noa.txt,1715238605,60.384457,5.339595,6,10.3,4.04,19987
noa.txt,1715238989,60.384487,5.339784,5,10.4,4.05,20062
noa.txt,1715239370,60.384377,5.339277,5,10.3,4.05,16810
noa.txt,1715239752,60.384480,5.339829,5,10.4,4.03,18135
noa.txt,1715240161,60.384579,5.339458,7,10.4,4.03,44941
noa.txt,1715240540,60.384563,5.339572,7,10.4,4.03,15022
noa.txt,1715240918,60.384556,5.339640,5,10.4,4.02,14893
noa.txt,1715241298,60.384514,5.339412,7,10.4,4.05,16268
noa.txt,1715241678,60.384480,5.339275,6,10.4,4.05,15491
noa.txt,1715242058,60.384472,5.339587,6,10.3,4.03,16060
noa.txt,1715242444,60.384472,5.339577,5,10.3,4.04,21388
noa.txt,1715242827,60.384457,5.339553,6,10.3,4.05,19487
noa.txt,1715243212,60.384392,5.339928,6,10.3,4.06,21029
noa.txt,1715243598,60.384487,5.339569,6,10.2,4.05,21807
noa.txt,1715243984,60.384487,5.339580,8,10.3,4.06,22206
noa.txt,1715244388,60.384521,5.339155,7,10.2,4.05,40550
noa.txt,1715244769,60.384472,5.340080,6,10.2,4.06,16830
noa.txt,1715245148,60.384407,5.339131,6,10.2,4.05,15368
noa.txt,1715245529,60.384285,5.339626,5,10.2,4.05,17190
noa.txt,1715245910,60.384781,5.339309,5,10.3,4.03,17132
noa.txt,1715246304,60.384357,5.339660,5,10.3,4.03,34123
noa.txt,1715246710,60.384514,5.339505,5,10.3,4.06,38568
noa.txt,1715247109,60.384457,5.339363,4,10.3,4.05,34358
noa.txt,1715247494,60.384586,5.339525,7,10.2,4.06,22201
noa.txt,1715247890,60.384666,5.339629,7,10.2,4.06,31497
noa.txt,1715248275,60.384544,5.339627,6,10.2,4.03,20964
noa.txt,1715248660,60.384521,5.339589,7,10.2,4.05,21357
noa.txt,1715249043,60.384415,5.339545,6,10.2,4.05,18929
noa.txt,1715249424,60.384342,5.339464,5,10.2,4.06,16977
noa.txt,1715249803,60.384319,5.339234,6,10.2,4.05,15038
noa.txt,1715250183,60.384651,5.339663,5,10.2,4.04,16263
noa.txt,1715250562,60.384422,5.339550,5,10.2,4.04,15490
noa.txt,1715250943,60.384506,5.339791,5,10.2,4.04,16879
noa.txt,1715251322,60.384480,5.339728,5,10.2,4.05,15102
noa.txt,1715251702,60.384407,5.339499,4,10.2,4.05,16371
noa.txt,1715252092,60.384487,5.339816,4,10.2,4.03,26585
noa.txt,1715252473,60.384487,5.339541,4,10.2,4.05,16772
noa.txt,1715252867,60.384441,5.339607,6,10.1,4.03,29758
noa.txt,1715253254,60.384586,5.339435,6,10.1,4.05,23482
noa.txt,1715253641,60.384472,5.339530,5,10.1,4.04,23739
noa.txt,1715254028,60.384357,5.339733,4,10.1,4.04,22016
noa.txt,1715254419,60.384472,5.339424,6,10.1,4.03,27396
noa.txt,1715254800,60.384472,5.339921,6,10.1,4.03,16865
noa.txt,1715255182,60.384514,5.339662,6,10.1,4.06,18126
noa.txt,1715255569,60.384644,5.339967,5,10.1,4.05,23334
noa.txt,1715255953,60.384415,5.339638,6,10.1,4.04,20090
noa.txt,1715256361,60.384449,5.339564,7,10.0,4.03,44400
noa.txt,1715256741,60.384449,5.339534,6,10.0,4.02,16452
noa.txt,1715257124,60.384319,5.339777,5,10.0,4.05,18902
noa.txt,1715257504,60.384457,5.339365,5,10.0,4.05,16436
noa.txt,1715257886,60.383823,5.339273,7,10.1,4.03,17763
noa.txt,1715258268,60.384514,5.339308,5,10.1,4.03,18083
noa.txt,1715258647,60.384686,5.339640,5,10.0,4.04,15103
noa.txt,1715259027,60.384407,5.339331,6,10.0,4.04,16339
noa.txt,1715259407,60.384407,5.339583,7,10.0,4.05,16623
noa.txt,1715259795,60.384350,5.339209,6,10.1,4.05,24158
noa.txt,1715260179,60.384335,5.339602,7,10.0,4.05,20314
noa.txt,1715260565,60.384457,5.339509,7,10.0,4.05,21833
noa.txt,1715260945,60.384514,5.339526,7,10.0,4.06,16295
noa.txt,1715261324,60.384563,5.339444,8,10.0,4.03,15187
noa.txt,1715261703,60.384750,5.339630,7,10.0,4.02,15033
noa.txt,1715262082,60.384556,5.339459,7,10.0,4.03,15726
noa.txt,1715262462,60.384506,5.339605,6,10.1,4.05,15528
noa.txt,1715262840,60.384422,5.339593,6,10.1,4.03,14491
noa.txt,1715263220,60.384377,5.339440,5,10.1,4.03,16292
noa.txt,1715263618,60.384235,5.338741,4,10.0,4.06,34343
noa.txt,1715263997,60.384449,5.339333,8,10.1,4.04,14975
noa.txt,1715264376,60.384659,5.338390,6,10.1,4.03,15152
noa.txt,1715264759,60.384441,5.339874,6,10.1,4.05,19584
noa.txt,1715265140,60.384480,5.339692,7,10.1,4.02,17232
noa.txt,1715265522,60.384472,5.339541,6,10.1,4.04,18103
noa.txt,1715265902,60.384441,5.339839,6,10.2,4.05,15931
noa.txt,1715266286,60.384487,5.339708,5,10.1,4.05,20609
noa.txt,1715266672,60.384407,5.340075,6,10.0,4.05,21869
noa.txt,1715267051,60.384487,5.339170,6,10.0,4.04,15656
noa.txt,1715267434,60.384758,5.339003,5,10.1,4.03,19133
noa.txt,1715267818,60.384621,5.339148,5,10.1,4.04,20246
noa.txt,1715268199,60.384487,5.339767,6,10.1,4.03,17407
noa.txt,1715268580,60.384556,5.339177,5,10.1,4.05,17102
noa.txt,1715268959,60.384579,5.339314,5,10.2,4.03,14980
noa.txt,1715269340,60.384377,5.340003,5,10.2,4.05,17007
noa.txt,1715269724,60.384586,5.339383,5,10.2,4.04,20088
noa.txt,1715270131,60.384457,5.339508,7,10.2,4.05,43342
noa.txt,1715270510,60.384472,5.339585,8,10.2,4.03,14928
noa.txt,1715270888,60.384422,5.339685,6,10.2,4.04,14690
noa.txt,1715271267,60.384407,5.339578,7,10.2,4.02,14712
noa.txt,1715271645,60.384563,5.339610,8,10.2,4.02,14371
noa.txt,1715272024,60.384335,5.339656,8,10.2,4.03,14930
noa.txt,1715272402,60.384407,5.339612,7,10.3,4.03,14965
noa.txt,1715272783,60.384415,5.339406,8,10.4,4.04,16493
noa.txt,1715273164,60.384270,5.339273,6,10.3,4.05,16957
noa.txt,1715273546,60.384472,5.339692,7,10.3,4.03,17906
noa.txt,1715273926,60.384529,5.339639,8,10.3,4.03,16243
noa.txt,1715274305,60.384480,5.339503,8,10.3,4.02,15134
noa.txt,1715274686,60.384357,5.339318,8,10.2,4.05,21898
noa.txt,1715275070,60.384556,5.339745,7,10.2,4.05,14698
noa.txt,1715275450,60.384441,5.339470,5,10.2,4.04,16414
noa.txt,1715275829,60.384472,5.339226,7,10.2,4.05,14766
noa.txt,1715276207,60.384472,5.339668,5,10.2,4.03,15601
noa.txt,1715276592,60.384487,5.339624,6,10.2,4.05,19454
noa.txt,1715276984,60.384628,5.338243,6,10.2,4.05,28233
noa.txt,1715277364,60.384514,5.339572,6,10.2,4.04,17420
noa.txt,1715277759,60.384392,5.340437,6,10.2,4.05,29877
noa.txt,1715278138,60.384415,5.339601,5,10.2,4.02,14967
noa.txt,1715278517,60.384350,5.339435,7,10.2,4.03,14870
noa.txt,1715278896,60.384621,5.339623,8,10.2,4.05,15385
noa.txt,1715279275,60.384579,5.339712,7,10.2,4.02,15030
noa.txt,1715279654,60.384472,5.340114,7,10.2,4.04,15141
noa.txt,1715280033,60.384472,5.339812,7,10.2,4.03,15120
noa.txt,1715280413,60.384556,5.339677,6,10.2,4.03,15887
noa.txt,1715280793,60.384506,5.339671,5,10.2,4.03,16077
noa.txt,1715281173,60.384628,5.339427,4,10.2,4.02,15585
noa.txt,1715281553,60.384529,5.339593,4,10.2,4.05,16203
noa.txt,1715281936,60.384506,5.339381,5,10.1,4.04,18687
noa.txt,1715282326,60.384472,5.339404,5,9.9,4.05,26513
noa.txt,1715282708,60.384472,5.339643,5,9.9,4.04,17804
noa.txt,1715283089,60.384422,5.339179,5,9.9,4.03,16884
noa.txt,1715283476,60.384556,5.339726,4,10.0,4.05,23163
noa.txt,1715283857,60.384563,5.339765,6,10.0,4.04,16878
noa.txt,1715284240,60.385075,5.338434,6,10.0,4.04,18691
noa.txt,1715284626,60.384449,5.339316,5,10.0,4.05,23292
noa.txt,1715285010,60.384197,5.339719,6,10.0,4.02,19272
noa.txt,1715285408,60.384392,5.339221,7,10.0,4.04,33683
noa.txt,1715285795,60.384350,5.338202,6,10.0,4.03,23211
noa.txt,1715286174,60.384563,5.339680,6,10.1,4.04,14795
noa.txt,1715286553,60.384521,5.339501,8,10.1,4.05,15546
noa.txt,1715286933,60.384487,5.339381,7,10.1,4.04,15527
noa.txt,1715287313,60.384529,5.339477,7,10.2,4.02,16008
noa.txt,1715287695,60.384350,5.339917,6,10.2,4.02,18582
noa.txt,1715288080,60.384392,5.339282,9,10.2,4.05,20152
noa.txt,1715288459,60.384480,5.339470,7,10.2,4.02,15502
noa.txt,1715288838,60.384609,5.339497,5,10.2,4.05,15004
noa.txt,1715289219,60.384487,5.339538,6,10.2,4.02,16694
noa.txt,1715289598,60.384449,5.339523,6,10.2,4.03,15093
noa.txt,1715289979,60.384659,5.339415,6,10.2,4.02,17310
noa.txt,1715290357,60.384609,5.338341,5,10.2,4.04,14693
noa.txt,1715290740,60.384357,5.339674,4,10.2,4.04,18645
noa.txt,1715291121,60.384621,5.339434,5,10.2,4.02,16299
noa.txt,1715291537,60.384514,5.339335,4,10.2,4.02,51859
noa.txt,1715291932,60.384357,5.339749,4,10.1,4.02,30930
noa.txt,1715292316,60.384377,5.339457,5,10.1,4.03,19705
noa.txt,1715292700,60.384487,5.339371,7,10.1,4.04,20035
noa.txt,1715293082,60.384220,5.339644,6,10.1,4.04,18376
noa.txt,1715293462,60.384579,5.339363,5,10.0,4.02,15853
noa.txt,1715293843,60.384480,5.339463,5,9.9,4.01,16817
noa.txt,1715294227,60.384449,5.339820,7,10.0,4.05,19805
noa.txt,1715294620,60.384506,5.339132,5,9.9,4.05,29534
noa.txt,1715295002,60.384457,5.339259,5,9.9,4.02,17499
noa.txt,1715295383,60.384357,5.339615,4,9.9,4.02,16689
noa.txt,1715295766,60.384514,5.339921,4,10.0,4.04,19196
noa.txt,1715296172,60.384449,5.339482,6,10.0,4.02,41750
noa.txt,1715296552,60.384480,5.339415,8,10.0,4.05,16389
noa.txt,1715296932,60.384579,5.339380,7,9.9,4.04,16005
noa.txt,1715297311,60.384514,5.339336,6,9.9,4.04,15121
noa.txt,1715297690,60.384563,5.339469,5,9.9,4.05,14497
noa.txt,1715298070,60.384384,5.339530,5,9.9,4.05,16292
noa.txt,1715298450,60.384666,5.339145,5,9.9,4.05,16228
noa.txt,1715298832,60.384415,5.340094,5,9.9,4.02,17159
noa.txt,1715299211,60.384300,5.339482,4,9.9,4.04,15364
noa.txt,1715299591,60.384544,5.339555,4,10.0,4.02,15661
noa.txt,1715299971,60.384480,5.339571,4,10.0,4.04,16630
noa.txt,1715300352,60.384480,5.339573,4,10.0,4.00,16083
noa.txt,1715300733,60.384544,5.339557,6,9.9,4.04,17403
noa.txt,1715301122,60.384487,5.339419,6,10.0,4.04,25055
noa.txt,1715301511,60.384277,5.340327,5,10.0,4.02,24211
noa.txt,1715301892,60.384422,5.339639,7,9.9,4.01,17416
noa.txt,1715302273,60.384514,5.339242,5,9.9,4.02,16591
noa.txt,1715302653,60.384594,5.339821,6,9.9,4.04,16394
noa.txt,1715303048,60.384529,5.339202,6,10.0,4.02,30668
noa.txt,1715303437,60.384449,5.340129,5,10.0,4.03,25042
noa.txt,1715303827,60.384415,5.339560,6,9.9,4.04,25847
noa.txt,1715304227,60.384487,5.339544,5,10.0,4.02,35773
noa.txt,1715304612,60.384701,5.339301,6,9.9,4.04,21140
noa.txt,1715305000,60.384556,5.339489,6,9.9,4.05,23703
noa.txt,1715305383,60.384415,5.339563,6,9.9,4.04,18774
noa.txt,1715305764,60.384384,5.339510,6,9.8,4.03,17196
noa.txt,1715306143,60.384514,5.339975,7,9.8,4.02,14682
noa.txt,1715306544,60.384556,5.339143,5,9.8,4.04,36723
noa.txt,1715306922,60.384586,5.339381,9,9.9,4.04,14694
noa.txt,1715307301,60.384544,5.339410,8,9.8,4.04,14290
noa.txt,1715307679,60.384514,5.339300,10,9.8,4.03,15098
noa.txt,1715308059,60.384506,5.339602,11,9.8,4.04,15165
noa.txt,1715308438,60.384480,5.340007,8,9.8,4.02,14715
noa.txt,1715308817,60.384449,5.339311,7,9.8,4.04,14808
noa.txt,1715309196,60.384724,5.339020,7,9.8,4.04,14644
noa.txt,1715309575,60.384644,5.339325,8,9.8,4.04,14837
noa.txt,1715309953,60.384457,5.339754,9,9.8,4.02,14390
noa.txt,1715310339,60.384514,5.339293,9,9.8,4.05,21873
noa.txt,1715310726,60.384544,5.339276,6,9.8,4.01,23598
noa.txt,1715311611,60.384480,5.339499,8,9.8,4.02,26149
noa.txt,1715311991,60.384457,5.339501,6,9.8,4.04,15394
noa.txt,1715312370,60.384480,5.339400,7,9.8,4.04,14941
noa.txt,1715312749,60.384457,5.339498,6,9.8,4.04,15052
noa.txt,1715313129,60.384480,5.339540,8,9.8,4.04,16231
noa.txt,1715313510,60.384529,5.339467,8,9.8,4.04,17047
noa.txt,1715313890,60.384457,5.339574,8,9.8,4.04,16570
noa.txt,1715314273,60.384579,5.339482,8,9.8,4.02,17793
noa.txt,1715314655,60.384457,5.339282,8,9.8,4.04,18556
noa.txt,1715315035,60.384480,5.339418,7,9.8,4.03,16042
noa.txt,1715315416,60.384487,5.339321,6,9.8,4.04,17024
noa.txt,1715315796,60.384357,5.339464,8,9.8,4.01,15305
noa.txt,1715316176,60.384422,5.339565,6,9.8,4.01,15500
noa.txt,1715316555,60.384449,5.339519,8,9.8,4.01,14799
noa.txt,1715316934,60.384457,5.339740,7,9.9,4.04,15594
noa.txt,1715317313,60.384457,5.339478,5,9.8,4.03,14662
noa.txt,1715317691,60.384487,5.339545,5,9.9,4.05,14793
noa.txt,1715318070,60.384487,5.339632,6,9.9,4.01,14592
noa.txt,1715318449,60.384441,5.339853,5,9.9,4.04,14760
noa.txt,1715318829,60.384487,5.339486,5,9.9,4.01,15969
noa.txt,1715319208,60.384449,5.339167,6,9.9,4.03,14967
noa.txt,1715319589,60.384506,5.339627,5,9.9,4.03,16696
noa.txt,1715319968,60.384487,5.339531,6,9.9,4.02,14823
noa.txt,1715320346,60.384544,5.339530,6,9.9,4.04,14892
noa.txt,1715320725,60.384449,5.339632,6,9.9,4.02,14694
noa.txt,1715321104,60.384449,5.339427,6,9.9,4.01,14388
noa.txt,1715321482,60.384506,5.339277,6,9.9,4.03,14792
noa.txt,1715321865,60.384644,5.339388,5,9.9,4.04,18719
noa.txt,1715322246,60.384392,5.339582,5,9.9,4.03,17370
noa.txt,1715322626,60.384529,5.339493,6,9.9,4.02,15597
noa.txt,1715323006,60.384506,5.339460,6,10.0,4.04,15190
noa.txt,1715323385,60.384529,5.339406,5,10.0,4.04,15676
noa.txt,1715323769,60.384529,5.339149,5,10.0,4.04,19761
noa.txt,1715324152,60.384487,5.339497,6,10.0,4.04,18875
noa.txt,1715324544,60.384449,5.339512,6,10.0,4.04,29718
noa.txt,1715324926,60.384651,5.339584,7,10.1,4.02,16001
noa.txt,1715325307,60.384628,5.339698,7,10.1,4.02,17603
noa.txt,1715325688,60.384457,5.339522,7,10.1,4.04,16603
noa.txt,1715326068,60.384529,5.339708,7,10.1,4.01,16245
noa.txt,1715326447,60.384579,5.339567,6,10.1,4.04,14836
noa.txt,1715326826,60.384285,5.339392,6,10.1,4.04,14956
noa.txt,1715327207,60.384628,5.339540,6,10.1,4.00,17062
noa.txt,1715327585,60.384514,5.339555,5,10.1,4.03,14692
noa.txt,1715327966,60.384220,5.339268,5,10.1,4.04,16412
noa.txt,1715328348,60.384457,5.339946,5,10.1,4.02,17885
noa.txt,1715328728,60.384384,5.339478,5,10.0,4.02,16822
noa.txt,1715329108,60.384384,5.339436,5,10.1,4.04,15627
noa.txt,1715329519,60.384529,5.339447,7,10.1,4.03,46899
noa.txt,1715329898,60.384422,5.339799,6,10.0,4.01,15159
noa.txt,1715330281,60.384377,5.339320,7,10.1,4.04,19819
noa.txt,1715330663,60.384422,5.339741,7,9.9,4.01,16963
noa.txt,1715331044,60.384529,5.339286,5,9.9,4.02,17497
noa.txt,1715331423,60.384556,5.339501,5,9.9,4.04,14870
noa.txt,1715331802,60.384506,5.339533,6,9.9,4.04,14959
noa.txt,1715332183,60.384628,5.339172,5,10.0,4.04,16820
noa.txt,1715332564,60.384472,5.339658,4,10.0,4.01,17339
noa.txt,1715332949,60.384441,5.339651,7,10.0,4.02,20742
noa.txt,1715333329,60.384953,5.338855,6,10.0,4.04,16149
noa.txt,1715333713,60.384441,5.339476,6,10.0,4.04,20234
noa.txt,1715334097,60.384384,5.339770,5,10.0,4.03,20149
noa.txt,1715334488,60.384659,5.339370,5,10.0,4.03,27236
noa.txt,1715334876,60.384579,5.339375,5,10.0,4.03,23992
noa.txt,1715335269,60.384415,5.339698,6,10.0,4.04,29397
noa.txt,1715335649,60.384514,5.339300,5,10.1,4.01,16318
noa.txt,1715336035,60.384506,5.339803,5,10.1,4.02,22293
noa.txt,1715336417,60.384441,5.339689,5,10.1,4.03,17939
noa.txt,1715336798,60.384472,5.340360,6,10.1,4.03,17141
noa.txt,1715337182,60.384563,5.338881,7,10.1,4.03,20034
noa.txt,1715337562,60.384441,5.339613,7,10.1,4.03,16897
noa.txt,1715337942,60.384544,5.339967,7,10.1,4.04,16066
noa.txt,1715338325,60.384506,5.338724,5,10.1,4.03,19089
noa.txt,1715338707,60.384422,5.339421,4,10.1,4.04,18261
noa.txt,1715339086,60.384457,5.339871,5,10.1,4.03,15124
noa.txt,1715339469,60.384377,5.339914,6,10.0,4.03,19699
noa.txt,1715339849,60.384506,5.339485,5,10.1,4.02,16305
noa.txt,1715340229,60.384472,5.339721,6,10.1,4.03,15709
noa.txt,1715340607,60.384449,5.339402,5,10.1,4.04,14591
noa.txt,1715340994,60.384506,5.339462,4,10.1,4.04,23113
noa.txt,1715341388,60.384556,5.339274,4,10.1,4.04,29924
noa.txt,1715341779,60.384472,5.339499,5,10.1,4.03,27302
noa.txt,1715342168,60.384621,5.339781,5,10.1,4.04,25122
noa.txt,1715342572,60.384693,5.339552,5,10.1,4.03,40051
noa.txt,1715342950,60.384480,5.339561,9,10.1,4.03,14491
noa.txt,1715343328,60.384514,5.339612,8,10.1,4.01,14594
noa.txt,1715343707,60.384487,5.339363,8,10.1,4.04,15078
noa.txt,1715344086,60.384407,5.339732,8,10.1,4.04,15011
noa.txt,1715344464,60.384586,5.339451,8,10.1,4.03,14593
noa.txt,1715344844,60.384651,5.339839,6,10.1,4.01,15843
noa.txt,1715345223,60.384422,5.339502,6,10.1,4.01,14889
noa.txt,1715345605,60.384472,5.339567,7,10.1,4.03,18298
noa.txt,1715345984,60.384563,5.339146,6,10.1,4.01,14908
noa.txt,1715346366,60.384472,5.339501,5,10.1,4.03,18189
noa.txt,1715346752,60.384384,5.339364,5,10.2,4.04,22035
noa.txt,1715347135,60.384415,5.338963,6,10.2,4.03,19723
noa.txt,1715347514,60.384300,5.339743,6,10.2,4.01,15297
noa.txt,1715347897,60.384514,5.339556,6,10.2,4.02,20199
noa.txt,1715348279,60.384457,5.339432,5,10.2,4.01,16265
noa.txt,1715348657,60.384506,5.339385,7,10.2,4.03,14290
noa.txt,1715349037,60.384449,5.339322,5,10.2,4.04,16976
noa.txt,1715349417,60.384384,5.339196,6,10.1,4.03,15811
noa.txt,1715349796,60.384415,5.339584,7,10.1,4.01,14923
noa.txt,1715350175,60.384422,5.339687,7,10.2,4.02,14887
noa.txt,1715350554,60.384480,5.339580,7,10.1,4.01,15111
noa.txt,1715350934,60.384457,5.339412,8,10.1,4.03,16307
noa.txt,1715351313,60.384441,5.339910,8,10.1,4.03,14943
noa.txt,1715351691,60.384441,5.339496,7,10.1,4.02,14291
noa.txt,1715352070,60.384457,5.339421,6,10.1,4.03,15237
noa.txt,1715352448,60.384686,5.339047,6,10.1,4.01,15298
noa.txt,1715352828,60.384449,5.339475,7,10.1,4.03,14644
noa.txt,1715353207,60.384480,5.339736,7,10.1,4.02,15170
noa.txt,1715353586,60.384487,5.339615,8,10.1,4.01,15537
noa.txt,1715353966,60.384407,5.339769,6,10.1,4.03,16427
noa.txt,1715354346,60.384480,5.339401,6,10.1,4.01,15831
noa.txt,1715354725,60.384178,5.340169,6,10.2,4.02,14824
noa.txt,1715355104,60.384487,5.339126,5,10.1,4.01,15679
noa.txt,1715355484,60.384449,5.339978,5,10.2,4.01,15458
noa.txt,1715355867,60.384422,5.339924,4,10.2,4.03,19677
noa.txt,1715356279,60.384472,5.339505,10,10.2,4.02,47663
noa.txt,1715356657,60.384422,5.339598,7,10.1,4.03,14459
noa.txt,1715357035,60.384422,5.339533,7,10.2,4.03,14290
noa.txt,1715357414,60.384449,5.339508,10,10.2,4.04,15025
noa.txt,1715357793,60.384529,5.339497,8,10.1,4.04,14926
noa.txt,1715358171,60.384731,5.339489,8,10.1,4.03,14595
noa.txt,1715358550,60.384357,5.339397,8,10.1,4.04,14737
noa.txt,1715358930,60.384579,5.339811,8,10.1,4.04,16392
noa.txt,1715359311,60.384514,5.339655,7,10.1,4.03,16993
noa.txt,1715359690,60.384506,5.339663,5,10.2,4.03,14650
noa.txt,1715360068,60.384407,5.339373,6,10.2,4.01,14290
noa.txt,1715360447,60.384556,5.339698,7,10.2,4.01,15054
noa.txt,1715360828,60.384480,5.339697,7,10.2,4.01,17007
noa.txt,1715361209,60.384235,5.339479,6,10.2,4.00,18310
noa.txt,1715361590,60.384480,5.339482,7,10.1,4.00,16178
noa.txt,1715361969,60.384563,5.339540,6,10.1,4.02,14677
noa.txt,1715362841,60.384506,5.339563,12,10.1,4.03,14625
noa.txt,1715363220,60.384579,5.339675,6,10.1,4.02,15831
noa.txt,1715363600,60.384556,5.339754,7,10.1,4.00,15422
noa.txt,1715363978,60.384449,5.339490,8,10.1,4.01,14292
noa.txt,1715364356,60.384270,5.339687,7,10.2,4.01,14291
noa.txt,1715364736,60.384350,5.339497,6,10.2,4.00,15824
noa.txt,1715365114,60.384415,5.339637,6,10.2,4.01,14794
noa.txt,1715365493,60.384487,5.339614,7,10.2,4.02,14389
noa.txt,1715365872,60.384422,5.339533,8,10.2,4.00,19836
noa.txt,1715366255,60.384586,5.339410,7,10.2,4.01,14290
noa.txt,1715366636,60.384472,5.339507,7,10.2,4.03,16647
noa.txt,1715367015,60.384701,5.339582,7,10.3,4.01,15050
noa.txt,1715367395,60.384529,5.339673,7,10.4,4.02,15864
noa.txt,1715367776,60.384529,5.339538,6,10.3,4.00,17432
noa.txt,1715368159,60.384563,5.339576,6,10.2,4.01,18857
noa.txt,1715368539,60.384422,5.339423,6,10.2,4.01,16225
noa.txt,1715368922,60.384457,5.339398,7,10.2,4.03,18663
noa.txt,1715369303,60.384521,5.339512,6,10.2,4.03,16771
noa.txt,1715369684,60.384529,5.339708,6,10.2,4.03,17225
noa.txt,1715370068,60.384514,5.339350,5,10.2,4.03,19975
noa.txt,1715370450,60.384544,5.340145,4,10.2,4.02,17871
noa.txt,1715370830,60.384579,5.340306,5,10.2,4.00,15534
noa.txt,1715371209,60.384480,5.339790,5,10.2,4.03,15764
noa.txt,1715371591,60.384342,5.338569,5,10.2,4.03,17233
noa.txt,1715371972,60.384457,5.338985,6,10.2,4.03,17224
noa.txt,1715372364,60.384377,5.339513,4,10.3,4.00,27528
noa.txt,1715372744,60.384480,5.339447,7,10.3,4.03,16330
noa.txt,1715373127,60.384449,5.339594,7,10.3,4.03,18654
noa.txt,1715373507,60.384529,5.339522,7,10.3,4.02,16320
noa.txt,1715373886,60.384472,5.339453,7,10.3,4.03,14586
noa.txt,1715374265,60.384586,5.339606,7,10.4,4.02,16226
noa.txt,1715374645,60.384556,5.339559,7,10.4,4.03,14790
noa.txt,1715375023,60.384609,5.339465,7,10.4,4.02,14994
noa.txt,1715375404,60.384407,5.339643,5,10.4,3.99,16282
noa.txt,1715375783,60.384514,5.339494,6,10.4,4.02,14698
noa.txt,1715376164,60.384586,5.339365,6,10.4,4.03,17597
noa.txt,1715376543,60.384628,5.339331,5,10.5,4.00,14716
noa.txt,1715376924,60.384392,5.339646,4,10.6,4.02,16941
noa.txt,1715377307,60.384853,5.339302,7,10.5,4.02,19658
noa.txt,1715377692,60.384441,5.339566,8,10.4,3.98,20040
noa.txt,1715378567,60.384472,5.339552,8,10.5,4.03,16728
noa.txt,1715378951,60.384457,5.339613,6,10.5,4.02,19995
noa.txt,1715379331,60.384758,5.339801,5,10.5,4.03,16117
noa.txt,1715379711,60.384628,5.339589,5,10.5,4.03,16041
noa.txt,1715380091,60.384449,5.339319,6,10.4,4.01,16263
noa.txt,1715380476,60.384441,5.339168,5,10.4,4.00,20566
noa.txt,1715380857,60.384457,5.338896,6,10.4,4.02,17266
noa.txt,1715381241,60.384579,5.339606,8,10.4,4.01,19963
noa.txt,1715381621,60.384521,5.339552,8,10.4,4.01,15978
noa.txt,1715382000,60.384686,5.339332,8,10.4,4.01,14377
noa.txt,1715382389,60.384628,5.339621,5,10.4,3.99,25136
noa.txt,1715382773,60.384506,5.339440,5,10.4,4.02,20086
noa.txt,1715383154,60.384312,5.339640,5,10.3,4.01,17218
noa.txt,1715383533,60.384823,5.339147,5,10.3,4.03,14991
noa.txt,1715383913,60.384563,5.339150,5,10.3,4.00,15430
noa.txt,1715384292,60.384815,5.338878,5,10.3,4.01,15485
noa.txt,1715384674,60.384487,5.339552,5,10.2,4.02,18299
noa.txt,1715385054,60.384651,5.339509,5,10.2,3.99,15414
noa.txt,1715385435,60.384609,5.339391,5,10.4,4.00,17365
noa.txt,1715385814,60.384521,5.339558,6,10.3,4.01,14944
noa.txt,1715386194,60.384487,5.339458,6,10.4,4.03,16440
noa.txt,1715386574,60.384521,5.339524,7,10.4,4.00,15972
noa.txt,1715386954,60.384514,5.340559,6,10.4,4.02,15621
noa.txt,1715387335,60.384579,5.339056,5,10.4,4.01,16755
noa.txt,1715387714,60.384556,5.339182,7,10.4,4.00,15446
noa.txt,1715388587,60.384563,5.339534,12,10.4,4.02,14913
noa.txt,1715388966,60.384457,5.339478,8,10.4,4.02,15098
noa.txt,1715389345,60.384422,5.339675,8,10.4,3.99,15107
noa.txt,1715389724,60.384487,5.339263,7,10.4,4.02,14432
noa.txt,1715390102,60.384529,5.339308,7,10.4,4.02,14591
noa.txt,1715390484,60.384384,5.339648,8,10.4,4.02,17770
noa.txt,1715390863,60.384666,5.339303,8,10.5,4.03,14763
noa.txt,1715391243,60.384480,5.339494,9,10.4,4.00,17248
noa.txt,1715391623,60.384506,5.339647,7,10.5,4.01,14823
noa.txt,1715392002,60.384235,5.340757,8,10.4,3.99,14762
noa.txt,1715392381,60.384480,5.339268,8,10.5,4.00,15586
noa.txt,1715392760,60.384644,5.339546,7,10.4,4.02,14889
noa.txt,1715393139,60.384514,5.339504,5,10.4,3.99,15155
noa.txt,1715393524,60.384422,5.339424,5,10.3,4.02,21624
noa.txt,1715393903,60.384457,5.340060,7,10.4,4.00,14592
noa.txt,1715394284,60.384449,5.339560,7,10.4,4.02,16563
noa.txt,1715394663,60.384529,5.339669,6,10.3,4.01,15023
noa.txt,1715395042,60.384415,5.339417,6,10.3,3.99,16202
noa.txt,1715395424,60.384335,5.339551,7,10.3,4.02,16903
noa.txt,1715395804,60.384392,5.339552,8,10.3,4.02,15921
noa.txt,1715396186,60.384544,5.339347,7,10.3,4.00,18202
noa.txt,1715396566,60.384621,5.338693,7,10.3,4.02,16159
noa.txt,1715397441,60.384449,5.339548,9,10.3,3.99,16840
noa.txt,1715397822,60.384487,5.339231,8,10.2,4.01,16882
noa.txt,1715398202,60.384514,5.339640,8,10.2,4.01,16227
noa.txt,1715398583,60.384487,5.339514,7,10.2,4.02,16824
noa.txt,1715398963,60.384422,5.339573,7,10.2,4.01,16319
noa.txt,1715399343,60.384506,5.339632,7,10.2,4.02,16520
noa.txt,1715399723,60.384529,5.339908,5,10.2,4.00,15800
noa.txt,1715400102,60.384529,5.339356,6,10.2,4.00,15037
noa.txt,1715400485,60.384422,5.339406,6,10.2,3.99,18294
noa.txt,1715400867,60.384544,5.339297,6,10.2,4.01,18043
noa.txt,1715401272,60.384357,5.339441,6,10.2,4.02,41061
noa.txt,1715401653,60.384342,5.339602,7,10.2,4.02,17012
noa.txt,1715402038,60.384506,5.339485,5,10.2,4.01,26264
noa.txt,1715402423,60.384514,5.339492,6,10.2,4.00,15654
noa.txt,1715402802,60.384415,5.339494,5,10.2,3.99,15358
noa.txt,1715403181,60.384449,5.339469,6,10.2,4.00,15116
noa.txt,1715403560,60.384449,5.339331,5,10.2,4.01,15055
noa.txt,1715403939,60.384514,5.339582,5,10.2,4.00,14839
noa.txt,1715404319,60.384377,5.339572,5,10.2,4.01,15984
noa.txt,1715404698,60.384457,5.339646,5,10.3,4.01,14967
noa.txt,1715405081,60.384480,5.339499,5,10.2,3.99,18856
noa.txt,1715405463,60.384441,5.339615,5,10.3,4.01,18170
noa.txt,1715405845,60.384609,5.339514,4,10.2,4.00,18397
noa.txt,1715406228,60.384506,5.339478,4,10.2,3.98,19073
noa.txt,1715406612,60.384579,5.339387,6,10.2,4.02,25526
noa.txt,1715406996,60.384487,5.339488,7,10.2,4.01,14693
noa.txt,1715407374,60.384529,5.339629,6,10.2,3.99,14390
noa.txt,1715407753,60.384472,5.339465,6,10.2,3.99,15541
noa.txt,1715408133,60.384521,5.339525,6,10.2,4.02,15513
noa.txt,1715408514,60.384350,5.339417,6,10.2,4.02,17585
noa.txt,1715408899,60.384457,5.339484,5,10.2,4.01,20695
noa.txt,1715409279,60.384758,5.339955,5,10.2,3.99,16279
noa.txt,1715409662,60.384422,5.339546,5,10.2,4.01,18729
noa.txt,1715410533,60.384441,5.339593,6,10.3,4.01,14492
noa.txt,1715410918,60.384529,5.339536,5,10.3,4.01,21610
noa.txt,1715411297,60.384506,5.339530,5,10.4,4.00,15124
noa.txt,1715411677,60.384415,5.339524,5,10.4,4.01,16193
noa.txt,1715412055,60.384472,5.339507,5,10.3,4.01,16167
noa.txt,1715412435,60.384415,5.339537,4,10.4,4.00,14591
noa.txt,1715412814,60.384422,5.340374,5,10.5,4.00,14893
noa.txt,1715413194,60.384521,5.339585,6,10.4,4.00,16332
noa.txt,1715413573,60.384579,5.339822,6,10.4,4.01,14767
noa.txt,1715413952,60.384480,5.339564,5,10.5,4.01,15312
noa.txt,1715414334,60.384480,5.339514,6,10.6,4.01,18192
noa.txt,1715415203,60.384457,5.339325,7,10.5,4.01,14361
noa.txt,1715415589,60.384480,5.339455,6,10.5,4.01,22160
noa.txt,1715415968,60.384277,5.339599,6,10.5,4.00,15235
noa.txt,1715416353,60.384384,5.339551,8,10.5,4.00,21590
noa.txt,1715416732,60.384506,5.339532,5,10.6,3.98,14977
noa.txt,1715417111,60.384377,5.339799,5,10.6,4.00,16015
noa.txt,1715417490,60.384350,5.339502,7,10.6,4.00,15077
noa.txt,1715417868,60.384544,5.339510,5,10.6,4.01,14792
noa.txt,1715418247,60.384514,5.339381,6,10.6,4.00,14670
noa.txt,1715418633,60.384472,5.339381,5,10.6,4.00,22959
noa.txt,1715419012,60.384449,5.339692,5,10.6,4.01,15262
noa.txt,1715419391,60.384357,5.339847,4,10.6,4.00,14882
noa.txt,1715419770,60.384312,5.339595,5,10.6,3.99,15123
noa.txt,1715420159,60.384579,5.339236,4,10.6,4.01,25207
noa.txt,1715420538,60.384506,5.339435,5,10.8,4.01,15616
noa.txt,1715421407,60.384415,5.339426,9,10.6,4.01,15282
noa.txt,1715421786,60.384422,5.339494,11,10.6,4.02,15277
noa.txt,1715422165,60.384506,5.338981,7,10.6,4.00,15304
noa.txt,1715422544,60.384529,5.339633,8,10.8,4.01,15235
noa.txt,1715422925,60.384422,5.339855,7,10.6,4.00,17871
noa.txt,1715423305,60.384392,5.339262,8,10.8,3.99,16477
noa.txt,1715423685,60.384521,5.339525,6,11.0,3.98,16704
noa.txt,1715424064,60.384472,5.339373,10,10.9,4.01,14370
noa.txt,1715424442,60.384457,5.339327,7,10.9,4.02,14829
noa.txt,1715424822,60.384457,5.339109,6,10.9,3.99,16480
noa.txt,1715425204,60.384377,5.339814,7,10.9,4.00,18527
noa.txt,1715425601,60.384651,5.339342,6,10.8,4.02,33081
noa.txt,1715425981,60.384350,5.339663,7,10.8,4.00,16680
noa.txt,1715426361,60.384544,5.339529,7,10.7,4.00,16589
noa.txt,1715426740,60.384472,5.339531,7,10.8,4.01,15068
noa.txt,1715427121,60.384506,5.339411,6,10.8,3.99,17360
noa.txt,1715427500,60.384544,5.339777,6,10.9,4.00,15044
noa.txt,1715427879,60.384506,5.339341,6,10.9,4.00,15433
noa.txt,1715428258,60.384441,5.339479,6,10.8,4.00,15933
noa.txt,1715428638,60.384506,5.339286,7,10.8,4.00,15898
noa.txt,1715429016,60.384514,5.339426,6,10.8,3.99,14291
noa.txt,1715429394,60.384521,5.339462,6,10.8,4.00,14592
noa.txt,1715430266,60.384609,5.339681,9,10.9,3.98,15382
noa.txt,1715430644,60.384556,5.339484,9,10.8,3.99,14389
noa.txt,1715431024,60.384277,5.339540,8,10.8,4.00,16408
noa.txt,1715431403,60.384449,5.339524,8,10.8,4.00,15195
noa.txt,1715431782,60.384659,5.339288,8,10.8,4.00,15223
noa.txt,1715432161,60.384529,5.339386,8,11.0,3.98,15109
noa.txt,1715432540,60.384212,5.339814,7,11.4,4.00,15464
noa.txt,1715432920,60.384609,5.339236,7,11.9,3.98,16673
noa.txt,1715433299,60.384457,5.339559,7,11.5,3.98,15376
noa.txt,1715433678,60.384422,5.339459,7,11.5,4.01,14894
noa.txt,1715434057,60.384449,5.339611,7,11.6,3.98,15272
noa.txt,1715434436,60.384449,5.339470,6,11.6,4.00,15000
noa.txt,1715434815,60.384449,5.339882,7,11.6,4.00,17099
noa.txt,1715435195,60.384514,5.339477,7,11.4,4.00,14794
noa.txt,1715435574,60.384521,5.339644,9,11.5,4.01,14491
noa.txt,1715435952,60.384651,5.339922,7,11.2,4.00,14592
noa.txt,1715436331,60.384506,5.339653,8,11.2,4.00,15012
noa.txt,1715436710,60.384480,5.339509,7,11.1,3.99,15022
noa.txt,1715437090,60.384472,5.339706,7,11.1,3.99,15611
noa.txt,1715437470,60.384487,5.339483,7,10.9,3.99,16255
noa.txt,1715437848,60.384422,5.339489,6,10.9,4.00,14390
noa.txt,1715438227,60.384506,5.339788,5,10.9,3.98,14944
noa.txt,1715438606,60.384506,5.339422,6,10.9,4.00,15034
noa.txt,1715438984,60.384506,5.339670,6,10.9,3.99,14492
noa.txt,1715439363,60.384609,5.339860,6,10.9,3.98,14924
noa.txt,1715439744,60.384457,5.339586,8,11.0,3.97,17619
noa.txt,1715440125,60.384377,5.339698,7,11.0,3.98,16841
noa.txt,1715440505,60.384441,5.339800,7,11.0,3.99,16189
noa.txt,1715440886,60.384357,5.339861,7,11.0,4.00,17043
noa.txt,1715441268,60.384521,5.339650,6,11.0,3.98,18016
noa.txt,1715441649,60.384415,5.339951,6,11.0,3.98,16913
noa.txt,1715442054,60.384335,5.340239,5,11.0,3.97,41906
noa.txt,1715442437,60.384644,5.339524,5,10.9,3.98,18115
noa.txt,1715442816,60.384487,5.339507,6,10.9,3.98,14978
noa.txt,1715443198,60.384449,5.339567,5,11.0,3.98,18099
noa.txt,1715443578,60.384457,5.339493,5,10.9,3.99,16606
noa.txt,1715443959,60.384422,5.339513,5,11.0,3.97,17224
noa.txt,1715444338,60.384407,5.339468,5,11.1,3.98,14960
noa.txt,1715444717,60.384514,5.339541,6,11.1,3.99,15061
noa.txt,1715445590,60.384563,5.339546,6,10.9,3.98,16321
noa.txt,1715445971,60.384441,5.339429,6,10.8,4.00,17176
noa.txt,1715446350,60.384506,5.339653,5,10.7,3.98,14826
noa.txt,1715446731,60.384514,5.339536,6,10.8,3.97,16805
noa.txt,1715447112,60.384457,5.339539,6,10.8,3.97,17678
noa.txt,1715447491,60.384556,5.339681,6,10.9,4.00,14872
noa.txt,1715447870,60.384392,5.339307,6,10.8,3.99,14920
noa.txt,1715448248,60.384487,5.339571,6,10.8,3.98,14390
noa.txt,1715448627,60.384472,5.339490,6,10.8,4.00,15033
noa.txt,1715449005,60.384529,5.339643,7,10.9,3.96,14394
noa.txt,1715449384,60.384472,5.339565,8,10.9,3.99,14820
noa.txt,1715449762,60.384449,5.339511,7,10.8,3.99,14490
noa.txt,1715450141,60.384529,5.339395,6,10.8,3.97,15067
noa.txt,1715450520,60.384377,5.339557,5,10.8,3.97,15373
noa.txt,1715450899,60.384487,5.339356,5,10.8,3.99,15095
noa.txt,1715451278,60.384441,5.339749,4,10.8,3.98,14292
noa.txt,1715451657,60.384480,5.339490,5,10.8,3.98,15632
noa.txt,1715452036,60.384407,5.339723,5,10.8,3.99,14887
noa.txt,1715452415,60.384556,5.339050,5,10.8,3.99,15142
noa.txt,1715452815,60.384521,5.339430,6,10.9,3.99,36827
noa.txt,1715453201,60.384407,5.339594,5,10.9,3.98,21258
noa.txt,1715453584,60.384480,5.339437,5,10.9,3.97,19046
noa.txt,1715453979,60.384506,5.339462,6,10.9,3.99,31483
noa.txt,1715454358,60.384506,5.339407,4,10.9,3.97,15033
noa.txt,1715454737,60.384457,5.339586,4,10.9,3.97,15080
noa.txt,1715455116,60.384487,5.339510,5,10.9,3.96,14921
noa.txt,1715455988,60.384357,5.339475,6,10.9,3.99,15283
noa.txt,1715456366,60.384457,5.339465,5,10.9,3.97,14390
noa.txt,1715456745,60.384449,5.339509,6,10.9,3.99,15016
noa.txt,1715457124,60.384487,5.339595,6,11.1,3.99,14867
noa.txt,1715457502,60.384449,5.339559,5,11.4,3.99,14289
noa.txt,1715458377,60.384716,5.339523,7,11.2,3.99,17683
noa.txt,1715458756,60.384212,5.339483,7,11.3,3.99,15522
noa.txt,1715459140,60.384254,5.339486,8,11.2,3.98,19792
noa.txt,1715459520,60.384415,5.339589,5,11.3,3.99,15780
noa.txt,1715459898,60.384472,5.339452,8,11.3,3.99,14391
noa.txt,1715460276,60.384659,5.339651,8,11.2,3.98,14794
noa.txt,1715460656,60.384556,5.339606,8,11.3,3.96,15283
noa.txt,1715461036,60.384716,5.339548,7,11.3,3.98,16289
noa.txt,1715461417,60.384579,5.339602,6,11.6,3.99,17516
noa.txt,1715461798,60.384350,5.339426,7,11.8,3.99,16735
noa.txt,1715462179,60.384659,5.339532,7,11.8,3.96,17096
noa.txt,1715462558,60.384357,5.339436,8,11.8,3.98,14922
noa.txt,1715462936,60.384644,5.339265,7,11.7,3.98,14895
noa.txt,1715463317,60.384556,5.339449,7,11.8,3.97,16518
noa.txt,1715463697,60.384514,5.339393,7,11.6,3.96,16100
noa.txt,1715464076,60.384422,5.339634,7,11.7,3.99,15154
noa.txt,1715464456,60.384563,5.339734,6,11.7,3.96,16204
noa.txt,1715464835,60.384693,5.339325,7,11.8,3.98,14948
noa.txt,1715465216,60.384514,5.339610,6,11.7,3.96,17172
noa.txt,1715465595,60.384521,5.339370,7,11.7,3.98,15555
noa.txt,1715465974,60.384480,5.339545,8,11.8,3.99,14693
noa.txt,1715466353,60.384544,5.339403,7,12.0,3.96,14859
noa.txt,1715466734,60.384457,5.339758,7,11.9,3.99,16896
noa.txt,1715467113,60.384506,5.339340,6,12.0,3.96,15698
noa.txt,1715467494,60.384415,5.339590,8,12.0,3.99,16870
noa.txt,1715467874,60.384529,5.339617,6,11.9,3.97,16261
noa.txt,1715468255,60.384659,5.339541,6,11.8,3.97,16814
noa.txt,1715468635,60.384392,5.339604,6,11.8,3.95,16405
noa.txt,1715469014,60.384441,5.339396,6,11.9,3.98,15055
noa.txt,1715469393,60.384563,5.339499,5,11.9,3.96,15045
noa.txt,1715469772,60.384132,5.340089,6,11.9,3.97,74370
noa.txt,1715470210,60.384457,5.339570,9,11.9,3.95,14957
noa.txt,1715470588,60.384556,5.339598,8,11.9,3.98,14491
noa.txt,1715470967,60.384480,5.339563,10,11.9,3.98,14389
noa.txt,1715471345,60.384544,5.339437,8,11.9,3.94,14291
noa.txt,1715471723,60.384449,5.339488,9,11.9,3.97,14366
noa.txt,1715472102,60.384480,5.339512,10,11.7,3.98,15041
noa.txt,1715472481,60.384384,5.339459,9,11.4,3.96,14763
noa.txt,1715473353,60.384563,5.339396,6,11.2,3.98,15296
noa.txt,1715473733,60.384407,5.339668,8,11.2,3.98,15220
noa.txt,1715474605,60.384731,5.339074,9,11.2,3.95,15044
noa.txt,1715474984,60.384422,5.339303,9,11.3,3.98,15180
noa.txt,1715475364,60.384506,5.339828,6,11.2,3.97,15803
noa.txt,1715475744,60.384472,5.339415,6,11.3,3.95,16300
noa.txt,1715476126,60.384422,5.339604,6,11.3,3.95,17394
noa.txt,1715476504,60.384407,5.339494,5,11.3,3.96,14290
noa.txt,1715476884,60.384594,5.339491,6,11.3,3.96,16235
noa.txt,1715477757,60.384506,5.339493,8,11.3,3.97,15743
noa.txt,1715478136,60.384514,5.339402,9,11.4,3.95,15133
noa.txt,1715478515,60.384422,5.339516,10,11.4,3.98,14694
noa.txt,1715478894,60.384506,5.339600,8,11.4,3.96,14777
noa.txt,1715479272,60.384594,5.339497,8,11.4,3.95,14388
noa.txt,1715479650,60.384506,5.339458,7,11.5,3.94,14288
noa.txt,1715480029,60.384487,5.339503,8,11.5,3.97,15052
noa.txt,1715480408,60.384514,5.339518,7,11.5,3.98,14785
noa.txt,1715480786,60.384415,5.339667,8,11.6,3.95,14591
noa.txt,1715481165,60.384457,5.339523,8,11.6,3.95,14770
noa.txt,1715481544,60.384457,5.339811,8,11.6,3.96,15045
noa.txt,1715481923,60.384480,5.339606,8,11.6,3.98,14975
noa.txt,1715482302,60.384422,5.339475,7,11.6,3.96,14680
noa.txt,1715482682,60.384457,5.339592,6,11.6,3.95,16238
noa.txt,1715483064,60.384487,5.339464,6,11.6,3.98,17922
noa.txt,1715483442,60.384514,5.339752,6,11.4,3.95,14491
noa.txt,1715483822,60.384480,5.339468,7,11.6,3.96,15598
noa.txt,1715484202,60.384422,5.339451,6,11.5,3.97,16948
noa.txt,1715484584,60.384521,5.339457,7,11.4,3.98,17529
noa.txt,1715484966,60.384521,5.339702,7,11.3,3.95,18120
noa.txt,1715485348,60.384529,5.339655,7,11.2,3.96,18539
noa.txt,1715485734,60.384449,5.339513,6,11.1,3.97,21472
noa.txt,1715486117,60.384480,5.339491,6,11.2,3.97,20066
noa.txt,1715486514,60.384781,5.339884,4,11.4,3.97,31993
noa.txt,1715486893,60.384457,5.339533,8,11.5,3.97,18795
noa.txt,1715487276,60.384377,5.339526,6,11.3,3.95,14797
noa.txt,1715487656,60.384441,5.339517,5,11.2,3.95,16306
noa.txt,1715488037,60.384415,5.339483,6,11.2,3.94,16745
noa.txt,1715488416,60.384487,5.339524,5,11.1,3.95,15125
noa.txt,1715488798,60.384579,5.339656,5,11.1,3.97,17983
noa.txt,1715489177,60.384487,5.339538,5,11.1,3.95,15614
noa.txt,1715489560,60.384586,5.339708,6,11.0,3.97,18643
noa.txt,1715489951,60.384441,5.339523,6,11.1,3.96,27157
noa.txt,1715490337,60.384514,5.339464,6,11.0,3.97,22057
noa.txt,1715490719,60.384449,5.339173,6,10.9,3.96,18066
noa.txt,1715491099,60.384350,5.339356,5,10.9,3.94,16755
noa.txt,1715491481,60.384480,5.339874,5,11.1,3.97,17770
noa.txt,1715491866,60.384506,5.339593,6,10.4,3.94,20805
noa.txt,1715492256,60.384659,5.339629,4,11.0,3.96,25810
noa.txt,1715492644,60.384422,5.339426,4,11.1,3.95,24560
noa.txt,1715493029,60.384487,5.339654,6,11.0,3.98,21499
noa.txt,1715493412,60.384178,5.339583,6,11.0,3.97,19337
noa.txt,1715493792,60.384285,5.339557,6,10.9,3.95,15449
noa.txt,1715494171,60.384384,5.339384,6,11.0,3.97,15881
noa.txt,1715494552,60.384441,5.339308,5,11.0,3.96,17009
noa.txt,1715494931,60.384731,5.339455,5,11.1,3.98,15035
noa.txt,1715495310,60.384556,5.339022,5,11.1,3.97,15485
noa.txt,1715495693,60.384384,5.339640,5,11.1,3.98,19630
noa.txt,1715496079,60.384480,5.339447,5,11.1,3.97,22244
noa.txt,1715496457,60.384457,5.339529,7,11.1,3.96,14593
noa.txt,1715496836,60.384480,5.339540,8,10.9,3.96,15151
noa.txt,1715497214,60.384449,5.339436,6,11.0,3.97,14569
noa.txt,1715497593,60.384407,5.339449,5,11.2,3.97,15407
noa.txt,1715497972,60.384457,5.339515,5,11.2,3.95,15028
noa.txt,1715498350,60.384480,5.339526,6,11.1,3.97,14693
noa.txt,1715498728,60.384220,5.339356,6,10.9,3.97,14570
noa.txt,1715499108,60.384441,5.339604,6,11.0,3.97,15946
noa.txt,1715499487,60.384449,5.339381,6,11.2,3.97,15537
noa.txt,1715499867,60.384480,5.338956,5,11.1,3.97,16566
noa.txt,1715500246,60.384487,5.339593,6,11.1,3.97,15354
noa.txt,1715500627,60.384457,5.339561,5,11.1,3.96,17698
noa.txt,1715501007,60.384609,5.339268,5,11.2,3.97,15806
noa.txt,1715501386,60.384357,5.339583,5,11.2,3.97,15476
noa.txt,1715501765,60.384319,5.339865,5,11.2,3.96,15362
noa.txt,1715502143,60.384457,5.339468,6,11.1,3.95,14792
noa.txt,1715502521,60.384563,5.340084,5,11.2,3.96,15197
noa.txt,1715502903,60.384300,5.339195,5,11.2,3.95,17227
noa.txt,1715503282,60.384422,5.339476,5,11.3,3.96,16133
noa.txt,1715503661,60.384441,5.340101,5,11.2,3.97,15157
noa.txt,1715504040,60.384270,5.339752,6,11.2,3.96,15379
noa.txt,1715504421,60.384357,5.339778,6,11.4,3.94,17051
noa.txt,1715504807,60.384457,5.339478,5,11.4,3.97,22606
noa.txt,1715505189,60.384357,5.339828,6,11.2,3.96,18127
noa.txt,1715505573,60.384407,5.339679,6,11.2,3.96,21319
noa.txt,1715505955,60.384357,5.339690,6,11.4,3.96,18190
noa.txt,1715506337,60.384422,5.339558,4,11.4,3.96,17992
noa.txt,1715506715,60.384422,5.339472,5,11.4,3.96,14692
noa.txt,1715507094,60.384480,5.339632,6,11.6,3.97,15292
noa.txt,1715507472,60.384415,5.339591,5,11.7,3.94,14592
noa.txt,1715507851,60.384506,5.339501,6,11.8,3.96,15263
noa.txt,1715508230,60.384422,5.339688,5,11.7,3.96,15261
noa.txt,1715508609,60.384319,5.339178,5,11.7,3.97,15153
noa.txt,1715508990,60.384384,5.339439,5,11.6,3.95,17186
noa.txt,1715509373,60.384514,5.339518,5,11.7,3.94,19681
noa.txt,1715510242,60.384480,5.339606,7,11.8,3.94,15298
noa.txt,1715510622,60.384457,5.339348,5,11.8,3.94,15062
noa.txt,1715511007,60.384514,5.339399,6,11.7,3.94,22003
noa.txt,1715511386,60.384407,5.339672,4,11.5,3.96,15149
noa.txt,1715511765,60.384422,5.339523,5,11.6,3.97,15579
noa.txt,1715512144,60.384544,5.339711,7,11.8,3.96,15113
noa.txt,1715512523,60.384472,5.339488,6,11.8,3.96,15827
noa.txt,1715512902,60.384472,5.339181,7,11.9,3.96,15430
noa.txt,1715513280,60.384449,5.339625,8,12.0,3.95,14490
noa.txt,1715513659,60.384480,5.339707,7,12.2,3.96,15529
noa.txt,1715514038,60.384487,5.339582,8,12.1,3.95,15032
noa.txt,1715514416,60.384342,5.339835,8,12.2,3.94,14694
noa.txt,1715514796,60.384472,5.339668,6,12.2,3.94,16473
noa.txt,1715515177,60.384449,5.339696,8,12.1,3.95,17403
noa.txt,1715515558,60.384449,5.339465,7,12.1,3.96,17438
noa.txt,1715515938,60.384415,5.339627,7,12.1,3.93,16414
noa.txt,1715516808,60.384480,5.339625,11,12.1,3.95,14495
noa.txt,1715517186,60.384384,5.339690,12,12.1,3.94,14491
noa.txt,1715517564,60.384514,5.339404,9,11.9,3.96,14694
noa.txt,1715517943,60.384472,5.339539,9,12.0,3.95,15113
noa.txt,1715518323,60.384514,5.339449,9,11.9,3.96,15854
noa.txt,1715518705,60.384415,5.339675,9,11.9,3.93,18279
noa.txt,1715519085,60.384407,5.339904,7,12.0,3.96,16538
noa.txt,1715519465,60.384384,5.339644,8,12.1,3.95,16391
noa.txt,1715519850,60.384422,5.339546,9,12.1,3.96,20869
noa.txt,1715520230,60.384342,5.339602,8,12.3,3.96,16748
noa.txt,1715520609,60.384407,5.339643,7,12.1,3.95,14825
noa.txt,1715520988,60.384472,5.339520,9,11.8,3.94,15149
noa.txt,1715521367,60.384506,5.339489,7,11.9,3.94,15335
noa.txt,1715521746,60.384457,5.339574,7,11.9,3.93,15852
noa.txt,1715522124,60.384506,5.339576,6,11.9,3.96,14591
noa.txt,1715522503,60.384472,5.339434,7,11.6,3.96,14671
noa.txt,1715522882,60.384422,5.339625,6,11.6,3.94,25837
noa.txt,1715523272,60.384441,5.339577,7,11.9,3.94,15981
noa.txt,1715523651,60.384407,5.339610,6,12.0,3.96,15229
noa.txt,1715524034,60.384422,5.339546,7,12.1,3.93,19762
noa.txt,1715524413,60.384556,5.339070,7,12.4,3.95,15107
noa.txt,1715524795,60.384514,5.339327,5,12.6,3.93,18369
noa.txt,1715525181,60.384544,5.339272,6,12.8,3.95,22193
noa.txt,1715525567,60.384506,5.339573,6,12.8,3.94,22322
noa.txt,1715525948,60.384529,5.339384,5,13.1,3.95,17065
noa.txt,1715526331,60.384521,5.339602,6,12.9,3.93,19523
noa.txt,1715526716,60.384449,5.339443,4,13.1,3.95,20601
noa.txt,1715527103,60.384441,5.339625,5,13.1,3.95,23418
noa.txt,1715527487,60.384521,5.339536,5,12.8,3.94,20531
noa.txt,1715527878,60.384480,5.339486,6,12.3,3.93,27237
noa.txt,1715528267,60.384521,5.339725,5,12.2,3.95,25191
noa.txt,1715528646,60.384621,5.339532,5,12.2,3.94,15013
noa.txt,1715529025,60.384487,5.339541,5,12.2,3.95,15210
noa.txt,1715529403,60.384514,5.339530,6,12.2,3.95,14491
noa.txt,1715529783,60.384342,5.339534,4,12.1,3.94,15695
noa.txt,1715530164,60.384487,5.339587,4,12.3,3.95,17501
noa.txt,1715530543,60.384651,5.339346,5,11.9,3.93,15171
noa.txt,1715530925,60.384457,5.339641,5,11.6,3.96,18590
noa.txt,1715531306,60.384609,5.339450,5,11.4,3.95,17379
noa.txt,1715531701,60.384472,5.339628,5,11.2,3.93,30577
noa.txt,1715532086,60.384514,5.339578,5,11.2,3.93,21619
noa.txt,1715532474,60.384609,5.339857,5,11.4,3.95,23935
noa.txt,1715532854,60.384579,5.339663,5,11.5,3.94,16307
noa.txt,1715533233,60.384529,5.339786,5,11.6,3.95,15147
noa.txt,1715533615,60.384514,5.339592,4,11.8,3.95,18307
noa.txt,1715533997,60.384609,5.339562,4,11.9,3.95,18367
noa.txt,1715534376,60.384457,5.339311,6,11.9,3.95,14967
noa.txt,1715534754,60.384350,5.339545,6,12.1,3.95,14290
noa.txt,1715535134,60.384529,5.339345,6,11.6,3.93,16527
noa.txt,1715535514,60.384521,5.339530,6,11.5,3.93,16047
noa.txt,1715535895,60.384544,5.339440,5,11.4,3.95,16763
noa.txt,1715536273,60.384441,5.339911,7,11.5,3.93,14289
noa.txt,1715536652,60.384529,5.339410,6,11.5,3.95,15075
noa.txt,1715537031,60.384457,5.339524,6,11.6,3.95,15381
noa.txt,1715537410,60.384422,5.340233,5,11.6,3.95,15740
noa.txt,1715537791,60.384319,5.340395,5,11.6,3.93,17131
noa.txt,1715538172,60.384556,5.339689,5,11.6,3.95,16870
noa.txt,1715538553,60.384563,5.339920,5,11.6,3.95,16924
noa.txt,1715538933,60.384449,5.339573,4,11.6,3.92,16568
noa.txt,1715539316,60.384521,5.339467,5,11.6,3.95,19474
noa.txt,1715539699,60.384506,5.339598,4,11.6,3.95,19049
noa.txt,1715540131,60.384415,5.339532,5,11.5,3.92,68134
noa.txt,1715540517,60.384514,5.339476,4,11.6,3.93,22153
noa.txt,1715540902,60.384472,5.339366,4,11.6,3.94,21890
noa.txt,1715541302,60.384529,5.339533,4,11.2,3.92,36294
noa.txt,1715541682,60.384457,5.339483,5,11.5,3.93,15800
noa.txt,1715542061,60.384407,5.339788,6,11.4,3.94,15310
noa.txt,1715542451,60.384514,5.339724,5,11.6,3.92,25897
noa.txt,1715542861,60.384472,5.339540,6,11.6,3.93,46515
noa.txt,1715543241,60.384148,5.339350,6,11.4,3.92,16236
noa.txt,1715543621,60.384579,5.339608,6,11.4,3.92,15587
noa.txt,1715544000,60.384563,5.339387,5,11.4,3.92,15227
noa.txt,1715544385,60.384384,5.339475,6,11.5,3.94,21527
noa.txt,1715544765,60.384521,5.339845,6,11.4,3.94,16361
noa.txt,1715545144,60.384544,5.339578,5,11.4,3.93,15180
noa.txt,1715545526,60.384659,5.339392,6,11.4,3.94,18018
noa.txt,1715545906,60.384659,5.339277,8,11.7,3.95,16266
noa.txt,1715546286,60.384521,5.339476,7,11.7,3.92,15963
noa.txt,1715546670,60.384781,5.339470,6,11.8,3.94,20186
noa.txt,1715547048,60.384563,5.339788,6,11.7,3.92,14896
noa.txt,1715547428,60.384506,5.339345,6,11.7,3.95,15562
noa.txt,1715547810,60.384609,5.339512,7,11.7,3.95,18010
noa.txt,1715548189,60.384441,5.339638,6,11.6,3.94,15247
noa.txt,1715548569,60.384701,5.339435,6,11.5,3.94,16256
noa.txt,1715548949,60.384594,5.339505,6,11.5,3.94,15851
noa.txt,1715549328,60.384815,5.339252,6,11.6,3.95,14745
noa.txt,1715549707,60.384140,5.339580,6,11.6,3.95,15002
noa.txt,1715550085,60.384312,5.339829,5,11.6,3.92,14389
noa.txt,1715550470,60.384506,5.339499,4,11.6,3.88,21924
noa.txt,1715550850,60.384422,5.339504,6,11.6,3.93,15510
noa.txt,1715551228,60.384441,5.339461,5,11.8,3.94,14591
noa.txt,1715551607,60.384472,5.339513,6,11.8,3.94,14491
noa.txt,1715551985,60.384441,5.339406,6,11.8,3.92,14167
noa.txt,1715552363,60.384449,5.339569,6,12.0,3.94,14691
noa.txt,1715552743,60.384472,5.339610,7,12.1,3.94,15378
noa.txt,1715553615,60.384472,5.339524,7,12.1,3.92,14962
noa.txt,1715553993,60.384441,5.339550,6,12.1,3.93,14792
noa.txt,1715554374,60.384285,5.339276,8,12.0,3.92,16366
noa.txt,1715554756,60.384148,5.339578,8,12.0,3.94,17812
noa.txt,1715555142,60.384441,5.339388,6,11.9,3.93,22404
noa.txt,1715555527,60.384789,5.339128,8,11.9,3.91,20903
noa.txt,1715555906,60.384312,5.339676,9,11.9,3.91,15406
noa.txt,1715556287,60.384563,5.339504,9,11.9,3.92,16878
noa.txt,1715556667,60.384415,5.339577,7,11.9,3.93,16219
noa.txt,1715557047,60.384449,5.339641,5,11.9,3.92,15865
noa.txt,1715557427,60.384407,5.338977,6,11.9,3.92,16075
noa.txt,1715557807,60.384384,5.339388,7,11.9,3.92,16848
noa.txt,1715558187,60.384457,5.339469,5,11.9,3.90,15980
noa.txt,1715558567,60.384449,5.339594,6,11.9,3.92,15929
noa.txt,1715558946,60.384472,5.339578,5,12.0,3.92,14741
noa.txt,1715559325,60.384472,5.339464,6,12.1,3.94,15278
noa.txt,1715559705,60.384487,5.339289,7,12.2,3.92,16150
noa.txt,1715560084,60.384480,5.339551,7,12.6,3.91,14699
noa.txt,1715560463,60.384480,5.339197,6,12.6,3.93,15127
noa.txt,1715560843,60.384487,5.339316,7,12.7,3.93,16259
noa.txt,1715561223,60.384254,5.340398,8,12.6,3.94,15150
noa.txt,1715561613,60.384106,5.340044,6,12.9,3.94,26383
noa.txt,1715562003,60.384148,5.340111,5,12.6,3.94,25545
noa.txt,1715562390,60.384392,5.339289,6,12.6,3.92,23476
noa.txt,1715562771,60.384480,5.340188,8,12.7,3.94,17002
noa.txt,1715563153,60.384392,5.339490,6,12.7,3.92,17969
noa.txt,1715563541,60.384377,5.339933,6,12.2,3.94,24254
noa.txt,1715563925,60.384392,5.339851,6,11.8,3.94,19662
noa.txt,1715564310,60.384441,5.339728,6,11.8,3.92,21669
noa.txt,1715564689,60.384521,5.338925,6,11.6,3.94,14709
noa.txt,1715565067,60.384514,5.339256,6,11.7,3.92,14894
noa.txt,1715565448,60.384415,5.339665,5,11.6,3.92,16246
noa.txt,1715565859,60.384457,5.339495,9,11.8,3.91,47034
noa.txt,1715566237,60.384457,5.339482,7,11.8,3.93,14693
noa.txt,1715566616,60.384487,5.339416,8,11.9,3.93,14786
noa.txt,1715566996,60.384422,5.339424,7,11.9,3.92,16083
noa.txt,1715567375,60.384487,5.339550,7,11.9,3.92,15360
noa.txt,1715567754,60.384480,5.339188,7,11.9,3.92,14490
noa.txt,1715568133,60.384392,5.339682,8,12.0,3.91,14912
noa.txt,1715568516,60.384487,5.339546,7,11.9,3.90,19645
noa.txt,1715568897,60.384407,5.339641,7,12.1,3.93,17241
noa.txt,1715569279,60.384350,5.339593,7,12.1,3.91,17619
noa.txt,1715569660,60.384586,5.339286,5,12.1,3.91,16788
noa.txt,1715570046,60.384319,5.339855,5,12.1,3.93,21752
noa.txt,1715570430,60.384350,5.339650,5,12.2,3.91,19936
noa.txt,1715570835,60.384563,5.339536,6,12.2,3.93,41446
noa.txt,1715571226,60.384449,5.339534,6,12.2,3.91,26825
noa.txt,1715571615,60.384529,5.339429,7,12.2,3.93,25318
noa.txt,1715571995,60.384644,5.339395,6,12.1,3.91,16118
noa.txt,1715572385,60.384441,5.339522,8,12.0,3.92,25895
noa.txt,1715572767,60.384487,5.339620,7,12.0,3.93,17835
noa.txt,1715573146,60.384686,5.339345,5,12.0,3.92,15161
noa.txt,1715573526,60.384487,5.339486,6,12.1,3.93,16443
noa.txt,1715573907,60.384415,5.339458,7,12.1,3.92,16414
noa.txt,1715574286,60.384449,5.339576,7,12.0,3.92,15100
noa.txt,1715574664,60.384563,5.339556,6,12.0,3.91,14693
noa.txt,1715575043,60.384472,5.339637,6,11.9,3.93,14288
noa.txt,1715575421,60.384544,5.339548,6,11.9,3.93,14288
noa.txt,1715575800,60.384521,5.339641,6,11.9,3.92,14898
noa.txt,1715576179,60.384457,5.339478,5,12.0,3.90,14834
noa.txt,1715576560,60.384415,5.339552,6,12.1,3.93,17046
noa.txt,1715576939,60.384521,5.339559,6,12.1,3.93,15571
noa.txt,1715577319,60.384415,5.339550,5,11.9,3.93,15894
noa.txt,1715577700,60.384544,5.339470,5,12.1,3.91,18059
noa.txt,1715578083,60.384579,5.339507,6,12.2,3.93,18554
noa.txt,1715578467,60.384472,5.339530,4,12.2,3.92,20285
noa.txt,1715578846,60.384407,5.339498,5,12.3,3.93,15065
noa.txt,1715579226,60.384621,5.339543,5,12.2,3.92,16687
noa.txt,1715579606,60.384422,5.339509,5,12.2,3.93,16408
noa.txt,1715579985,60.384521,5.339538,5,12.2,3.93,15274
noa.txt,1715580391,60.384449,5.339592,10,12.2,3.93,42855
noa.txt,1715580770,60.384521,5.339452,10,12.1,3.92,14879
noa.txt,1715581149,60.384556,5.339547,8,11.8,3.93,15722
noa.txt,1715581528,60.384457,5.339473,7,11.8,3.93,15329
noa.txt,1715581907,60.384342,5.339573,8,11.7,3.92,14769
noa.txt,1715582285,60.384449,5.339497,8,11.4,3.92,14694
noa.txt,1715582663,60.384449,5.339534,7,11.4,3.94,14489
noa.txt,1715583042,60.384472,5.339576,9,11.4,3.91,15159
noa.txt,1715583421,60.384422,5.339436,8,11.5,3.92,15368
noa.txt,1715583799,60.384357,5.339432,8,11.4,3.91,14794
noa.txt,1715584178,60.384457,5.339412,8,11.4,3.93,15003
noa.txt,1715584556,60.384415,5.339468,7,11.4,3.91,14168
noa.txt,1715584936,60.384415,5.338966,7,11.4,3.91,16704
noa.txt,1715585314,60.384449,5.339240,6,11.5,3.91,14593
noa.txt,1715585694,60.384441,5.339536,6,11.6,3.94,15928
noa.txt,1715586076,60.384457,5.339567,6,11.5,3.93,18172
noa.txt,1715586455,60.384342,5.339516,5,11.7,3.93,15445
noa.txt,1715586834,60.384480,5.339557,6,11.8,3.93,15672
noa.txt,1715587212,60.384285,5.339530,5,11.8,3.93,14792
noa.txt,1715587591,60.384472,5.339534,6,11.8,3.93,14660
noa.txt,1715587972,60.384472,5.339323,8,12.1,3.91,17953
noa.txt,1715588354,60.384422,5.339536,7,12.6,3.91,18178
noa.txt,1715588736,60.384422,5.339545,6,12.8,3.91,17994
noa.txt,1715589116,60.384384,5.339546,4,12.7,3.91,16361
noa.txt,1715589497,60.384357,5.339423,4,12.7,3.92,18404
noa.txt,1715589877,60.384319,5.339681,4,12.6,3.93,17099
noa.txt,1715590259,60.384285,5.339636,5,12.5,3.91,16952
noa.txt,1715590641,60.384392,5.339626,6,12.5,3.92,18468
noa.txt,1715591028,60.384521,5.339316,5,12.5,3.92,23629
noa.txt,1715591413,60.384521,5.339363,5,12.4,3.92,21207
noa.txt,1715591802,60.384487,5.339558,4,12.5,3.93,25403
noa.txt,1715592191,60.384415,5.339576,4,12.4,3.92,25543
noa.txt,1715592610,60.384441,5.339574,4,12.6,3.93,55944
noa.txt,1715593000,60.384415,5.339550,4,12.5,3.90,25864
noa.txt,1715593380,60.384457,5.339449,5,12.9,3.91,16352
noa.txt,1715593766,60.384415,5.339556,5,13.1,3.93,22773
noa.txt,1715594145,60.384350,5.339408,5,13.1,3.92,14747
noa.txt,1715594530,60.384392,5.339328,5,13.0,3.90,21108
noa.txt,1715594916,60.384335,5.339743,5,12.9,3.93,23012
noa.txt,1715595308,60.384235,5.339407,5,12.9,3.91,28058
noa.txt,1715595710,60.384350,5.339274,5,12.7,3.92,38885
noa.txt,1715596092,60.384514,5.339475,6,13.1,3.93,18086
noa.txt,1715596478,60.384449,5.339260,6,12.9,3.91,22126
noa.txt,1715596871,60.384384,5.339478,4,12.9,3.92,29368
noa.txt,1715597289,60.384407,5.339492,5,12.9,3.93,54896
noa.txt,1715597709,60.384422,5.339503,5,13.0,3.91,55957
noa.txt,1715598093,60.384449,5.339530,4,13.1,3.91,20590
noa.txt,1715598968,60.384472,5.339563,7,13.1,3.90,19359
noa.txt,1715599347,60.384350,5.339569,7,13.1,3.92,15223
noa.txt,1715599725,60.384407,5.339478,7,13.1,3.90,14492
noa.txt,1715600104,60.384514,5.339506,7,13.1,3.91,15357
noa.txt,1715600483,60.384350,5.339582,6,13.1,3.92,14944
noa.txt,1715600862,60.384487,5.339492,6,13.1,3.92,15070
noa.txt,1715601240,60.384621,5.339426,7,18.9,3.92,14593
